x_0,y_0,z_0,vis_0,x_1,y_1,z_1,vis_1,x_2,y_2,z_2,vis_2,x_3,y_3,z_3,vis_3,x_4,y_4,z_4,vis_4,x_5,y_5,z_5,vis_5,x_6,y_6,z_6,vis_6,x_7,y_7,z_7,vis_7,x_8,y_8,z_8,vis_8,x_9,y_9,z_9,vis_9,x_10,y_10,z_10,vis_10,x_11,y_11,z_11,vis_11,x_12,y_12,z_12,vis_12,x_13,y_13,z_13,vis_13,x_14,y_14,z_14,vis_14,x_15,y_15,z_15,vis_15,x_16,y_16,z_16,vis_16,x_17,y_17,z_17,vis_17,x_18,y_18,z_18,vis_18,x_19,y_19,z_19,vis_19,x_20,y_20,z_20,vis_20,x_21,y_21,z_21,vis_21,x_22,y_22,z_22,vis_22,x_23,y_23,z_23,vis_23,x_24,y_24,z_24,vis_24,x_25,y_25,z_25,vis_25,x_26,y_26,z_26,vis_26,x_27,y_27,z_27,vis_27,x_28,y_28,z_28,vis_28,x_29,y_29,z_29,vis_29,x_30,y_30,z_30,vis_30,x_31,y_31,z_31,vis_31,x_32,y_32,z_32,vis_32,label
0.4340707063674927,0.3077415525913238,-0.2080854326486587,0.9999914765357972,0.4378172755241394,0.2977380752563476,-0.1980037987232208,0.9999876022338868,0.4386780858039856,0.2983065843582153,-0.1982040405273437,0.9999879002571106,0.43948817253112793,0.2987854182720184,-0.1983067542314529,0.999987542629242,0.43291497230529785,0.2935277819633484,-0.2162830382585525,0.9999876022338868,0.4308432340621948,0.2907000184059143,-0.2164907455444336,0.9999882578849792,0.42840510606765747,0.2878768444061279,-0.2164261788129806,0.9999899864196776,0.43187636137008667,0.2946624755859375,-0.1106449216604232,0.999968647956848,0.4188559055328369,0.2816103398799896,-0.1994422525167465,0.9999926686286926,0.43120574951171875,0.3188916444778442,-0.1752125769853592,0.9999762773513794,0.4260159730911255,0.3114299476146698,-0.1984042227268219,0.9999874234199524,0.4254190921783447,0.3567868173122406,-0.0049342843703925,0.999972641468048,0.3843269944190979,0.3397550880908966,-0.2025377601385116,0.9999985098838806,0.42164862155914307,0.4476396143436432,0.041998665779829,0.2743702232837677,0.37419623136520386,0.4404747486114502,-0.2259641289710998,0.9977498650550842,0.4268171191215515,0.5184598565101624,-0.0176054798066616,0.7896419167518616,0.39000070095062256,0.530518114566803,-0.2452058494091034,0.9959555864334106,0.42687422037124634,0.5457324981689453,-0.0307609718292951,0.7940354347229004,0.3909471035003662,0.5585892796516418,-0.2706426382064819,0.9916782975196838,0.42651432752609253,0.5498188734054565,-0.0526043437421321,0.8097518086433411,0.39990997314453125,0.5546557903289795,-0.2752545475959778,0.9924058318138124,0.4253920316696167,0.5400846004486084,-0.0307545997202396,0.7770969271659851,0.3999454975128174,0.5463118553161621,-0.2455960810184478,0.985844075679779,0.4072008728981018,0.5232751369476318,0.0707634910941124,0.9999008178710938,0.3814295530319214,0.5188470482826233,-0.0708501860499382,0.9999465942382812,0.39204686880111694,0.6422167420387268,0.1166607290506362,0.3523686528205871,0.37190234661102295,0.6423481106758118,-0.0661956891417503,0.95908522605896,0.3840252161026001,0.7666404247283936,0.1874127238988876,0.6495851874351501,0.3682957887649536,0.7732183337211609,-0.0316143184900283,0.972971498966217,0.3769187331199646,0.7857967019081116,0.1914326399564743,0.7280967235565186,0.35881221294403076,0.800421953201294,-0.0335499234497547,0.9204274415969848,0.40931373834609985,0.803355872631073,0.1352904886007309,0.8233101963996887,0.39398837089538574,0.8190628886222839,-0.1284584254026413,0.9803698658943176,5
0.4327431321144104,0.3089533746242523,-0.1928343027830124,0.9999919533729552,0.43669164180755615,0.2986452281475067,-0.1817205846309662,0.9999883770942688,0.4375571012496948,0.2991391122341156,-0.1819210052490234,0.9999886751174928,0.4383217692375183,0.2994842827320099,-0.1820160895586013,0.9999883770942688,0.4320528507232666,0.2945466637611389,-0.2006193995475769,0.9999883770942688,0.43006932735443115,0.2916173338890075,-0.2007993310689926,0.9999889731407166,0.4276031255722046,0.2885701060295105,-0.2007351517677307,0.9999905824661256,0.43026870489120483,0.2947205603122711,-0.106043167412281,0.999970555305481,0.418046236038208,0.2817010879516601,-0.1966210305690765,0.9999931454658508,0.429950475692749,0.3196141719818115,-0.1607685387134552,0.9999774694442748,0.4248875379562378,0.3124436140060425,-0.1847237795591354,0.9999880194664,0.4249710440635681,0.3567836880683899,-0.0004951525479555,0.9999733567237854,0.3832361102104187,0.3397987782955169,-0.1993778496980667,0.9999985098838806,0.4220463037490845,0.4474033117294311,0.0447669029235839,0.3006752729415893,0.374983012676239,0.4409067928791046,-0.2159826457500457,0.9978495836257936,0.42641645669937134,0.518358588218689,-0.0163360740989446,0.7984679341316223,0.3900505304336548,0.5306785702705383,-0.2327616959810257,0.996129870414734,0.42535507678985596,0.5456532835960388,-0.0290834214538335,0.8018164038658142,0.3908509612083435,0.5587000250816345,-0.2580917775630951,0.9919843077659608,0.4241323471069336,0.5495283603668213,-0.0505238696932792,0.8171417713165283,0.4001199007034302,0.5548232197761536,-0.264007568359375,0.9926767349243164,0.42343419790267944,0.5398476719856262,-0.0283344779163599,0.7850425839424133,0.40023142099380493,0.5465284585952759,-0.2337866127490997,0.986305296421051,0.40556150674819946,0.5207873582839966,0.0704391375184059,0.9999054074287416,0.37951529026031494,0.5170355439186096,-0.0704977363348007,0.999948501586914,0.39154762029647827,0.6416008472442627,0.1025381907820701,0.3799449801445007,0.3705475330352783,0.6405531764030457,-0.0675490424036979,0.9612706899642944,0.3840788006782532,0.7675023674964905,0.1660154908895492,0.6728061437606812,0.3678581118583679,0.7737276554107666,-0.0313895307481288,0.9749079942703248,0.3767824172973633,0.7878271341323853,0.1692231744527816,0.7424864172935486,0.3589996099472046,0.8004902005195618,-0.0334504656493663,0.9243074655532836,0.40831267833709717,0.8033891320228577,0.111590102314949,0.8357076644897461,0.3926025629043579,0.8189735412597656,-0.1243869215250015,0.9816836714744568,5
0.43122971057891846,0.3108307719230652,-0.1924904435873031,0.9999924898147584,0.4354059100151062,0.2998526990413666,-0.1813059151172638,0.9999892115592957,0.4363083243370056,0.3003272712230682,-0.1815086901187896,0.9999895095825196,0.43706727027893066,0.3006230294704437,-0.1816057860851287,0.9999892115592957,0.4310523271560669,0.2959814071655273,-0.1998437792062759,0.9999891519546508,0.42899882793426514,0.2930193543434143,-0.200020357966423,0.9999897480010986,0.42652130126953125,0.2897210419178009,-0.1999559700489044,0.999991238117218,0.42890942096710205,0.2952443361282348,-0.1026916801929473,0.999972641468048,0.4169520139694214,0.281973272562027,-0.1913938075304031,0.999993622303009,0.4283021092414856,0.3211719095706939,-0.1605419814586639,0.99997878074646,0.4235459566116333,0.3140271306037903,-0.1840476840734481,0.9999886751174928,0.42434704303741455,0.3567395508289337,0.001141911256127,0.9999738931655884,0.38181567192077637,0.340082049369812,-0.19707091152668,0.9999985098838806,0.42238688468933105,0.4466973841190338,0.0356365293264389,0.3312321603298187,0.3755728006362915,0.4416274130344391,-0.2159524708986282,0.99796724319458,0.42423951625823975,0.5173726081848145,-0.027268199250102,0.8084998726844788,0.39069199562072754,0.5308008193969727,-0.2341277301311493,0.9963579773902892,0.4224856495857239,0.5455372333526611,-0.0397201031446456,0.810932993888855,0.39209121465682983,0.5591489672660828,-0.2591478228569031,0.9924259185791016,0.4206387996673584,0.5490975975990295,-0.0599580258131027,0.825734555721283,0.40077781677246094,0.5549899339675903,-0.2655646204948425,0.9930799007415771,0.42026787996292114,0.5398987531661987,-0.0381953604519367,0.7946467995643616,0.40113669633865356,0.5467034578323364,-0.2354431599378585,0.9870378375053406,0.4036489725112915,0.5163285732269287,0.0693144872784614,0.9999092221260072,0.37647688388824463,0.5141278505325317,-0.0693465173244476,0.999950110912323,0.3919188976287842,0.6410331726074219,0.0936189070343971,0.4137586653232574,0.3694723844528198,0.6375347375869751,-0.0681939870119094,0.9639421701431274,0.38413357734680176,0.7676295042037964,0.1491571813821792,0.6974347233772278,0.3675951361656189,0.7738707065582275,-0.0446232631802558,0.9770059585571288,0.3766375184059143,0.7883216738700867,0.151464968919754,0.7586238980293274,0.358637273311615,0.8008297681808472,-0.0478001832962036,0.9293841123580932,0.40763765573501587,0.8034189939498901,0.0926562920212745,0.8485687971115112,0.39378291368484497,0.8186613917350769,-0.1394731700420379,0.9831595420837402,5
0.429892361164093,0.3124481737613678,-0.1814004778861999,0.999992609024048,0.43433016538619995,0.300924152135849,-0.169932335615158,0.9999895691871644,0.43527722358703613,0.3012900054454803,-0.1701322048902511,0.9999898672103882,0.43605107069015503,0.3014717996120453,-0.1702336370944976,0.9999896287918092,0.4300629496574402,0.2974469661712646,-0.1884069144725799,0.9999895691871644,0.42790549993515015,0.294618546962738,-0.188578650355339,0.999990165233612,0.42543625831604004,0.2912240624427795,-0.1885244250297546,0.9999915957450868,0.4273892045021057,0.2953107953071594,-0.0938135012984275,0.999973714351654,0.4160047173500061,0.2823692262172699,-0.1798880249261856,0.9999939203262328,0.4270555377006531,0.3221937417984009,-0.1494055390357971,0.9999791383743286,0.42225366830825806,0.3157746791839599,-0.1728075444698333,0.9999889135360718,0.4239612817764282,0.3558827042579651,0.0025502040516585,0.9999735355377196,0.38060110807418823,0.3402082920074463,-0.1903657764196396,0.9999985098838806,0.422446072101593,0.4445483386516571,0.0329115614295005,0.3457207083702087,0.3764139413833618,0.4418824911117553,-0.2102317214012146,0.9980597496032716,0.42371654510498047,0.5125636458396912,-0.0383662544190883,0.8044815063476562,0.3921245336532593,0.5310795307159424,-0.2272307723760604,0.9965499639511108,0.4219273328781128,0.5427994728088379,-0.0521931089460849,0.8072234392166138,0.39320290088653564,0.5591875314712524,-0.2523115873336792,0.9927974939346312,0.42104125022888184,0.5449725389480591,-0.0715008825063705,0.8223966956138611,0.40135329961776733,0.5550808310508728,-0.2588705420494079,0.9934180974960328,0.4208890199661255,0.5349580645561218,-0.0491513088345527,0.7913156151771545,0.40200573205947876,0.5467679500579834,-0.2286354601383209,0.9876427054405212,0.4038536548614502,0.5141394138336182,0.0675175115466117,0.9999132752418518,0.3763563632965088,0.5126864910125732,-0.0675327703356742,0.9999523162841796,0.3910093903541565,0.6409593224525452,0.0818083062767982,0.4463642537593841,0.3678523898124695,0.6370764374732971,-0.0722712054848671,0.9663527607917786,0.3841664791107178,0.767638623714447,0.1380165964365005,0.7192646265029907,0.36741989850997925,0.7739352583885193,-0.0503263510763645,0.9788923263549804,0.37654411792755127,0.7883727550506592,0.1405634135007858,0.7727221846580505,0.3592075705528259,0.8009684681892395,-0.0533556081354618,0.9337847828865052,0.407753050327301,0.8036242723464966,0.0811716243624687,0.8598770499229431,0.3948250412940979,0.8186302185058594,-0.1456591635942459,0.9844653010368348,5
0.4284008741378784,0.3129937946796417,-0.1755230128765106,0.9999924898147584,0.4324222207069397,0.3010883331298828,-0.1649630963802337,0.9999895691871644,0.4333341717720032,0.3013375401496887,-0.1651639938354492,0.999989926815033,0.4341212511062622,0.3014598190784454,-0.1652665585279464,0.999989688396454,0.42884647846221924,0.2979259788990021,-0.1830275207757949,0.9999896287918092,0.42646247148513794,0.2950545847415924,-0.1831977516412735,0.9999902844429016,0.42411988973617554,0.2916433811187744,-0.1831471621990203,0.9999917149543762,0.4252859950065613,0.2949990928173065,-0.0919437184929847,0.9999739527702332,0.41455161571502686,0.2823656797409057,-0.1755827963352203,0.9999940991401672,0.42520105838775635,0.3222395777702331,-0.1445928066968917,0.9999788403511048,0.4205929636955261,0.3162821531295776,-0.167400985956192,0.9999887943267822,0.4238702058792114,0.3513076305389404,0.0041300985030829,0.9999729990959167,0.37888622283935547,0.3410956263542175,-0.1876041889190673,0.9999985098838806,0.42263537645339966,0.4385900199413299,0.0238943509757518,0.3551808595657348,0.3773155212402344,0.4422056078910827,-0.2081883549690246,0.9981234669685364,0.42383694648742676,0.5076110363006592,-0.0491718463599681,0.7901890277862549,0.3933940529823303,0.5317304730415344,-0.223835751414299,0.9966778755187988,0.4229007363319397,0.5389195680618286,-0.0632649436593055,0.793678879737854,0.3946298360824585,0.5592024922370911,-0.2483396679162979,0.9930418133735656,0.4223797917366028,0.540481448173523,-0.0819470584392547,0.8097268342971802,0.40267235040664673,0.5552176237106323,-0.2554410398006439,0.993642032146454,0.42190712690353394,0.5301782488822937,-0.0597522519528865,0.7783186435699463,0.40343672037124634,0.5467934608459473,-0.2254281044006347,0.9880268573760986,0.40372174978256226,0.5116044282913208,0.0652128532528877,0.9999167919158936,0.375558078289032,0.5109728574752808,-0.0652199834585189,0.9999542832374572,0.39097583293914795,0.6407619714736938,0.0710820108652114,0.4751882553100586,0.36818671226501465,0.6362752318382263,-0.0719891563057899,0.9681918025016784,0.38395386934280396,0.7678268551826477,0.120866060256958,0.7380123138427734,0.3675107955932617,0.7740272879600525,-0.0507500693202018,0.9804638028144836,0.3763493299484253,0.7889668345451355,0.1227029785513877,0.7839438915252686,0.35993093252182007,0.8012958765029907,-0.0541579611599445,0.9368056654930116,0.4077341556549072,0.8038187026977539,0.0631548091769218,0.8696809411048889,0.39450955390930176,0.818569004535675,-0.1458045095205307,0.9855347275733948,5
0.4272981882095337,0.3128251135349273,-0.1778867840766906,0.999992609024048,0.43069642782211304,0.3010256588459015,-0.1674328297376632,0.9999898672103882,0.4314722418785095,0.3012592196464538,-0.1676336079835891,0.9999902248382568,0.4322583079338074,0.3014236688613891,-0.1677367836236953,0.9999900460243224,0.4277757406234741,0.2981014251708984,-0.1856765002012252,0.999989926815033,0.42531877756118774,0.2953433394432068,-0.1858468651771545,0.9999905824661256,0.42312341928482056,0.2921995818614959,-0.1857972741127014,0.9999920129776,0.423622727394104,0.294834703207016,-0.0949108228087425,0.9999750256538392,0.4131348729133606,0.2823897898197174,-0.17820905148983,0.9999943375587464,0.42375755310058594,0.3221246898174286,-0.1471526175737381,0.9999794960021972,0.4194934368133545,0.3164441287517547,-0.1702372282743454,0.999989092350006,0.4226800799369812,0.3500225841999054,-0.0011811857111752,0.9999738335609436,0.3780098557472229,0.3411892652511596,-0.191226378083229,0.9999985098838806,0.42281395196914673,0.4379308223724365,0.0157256536185741,0.3758527636528015,0.3778149485588074,0.4422086179256439,-0.2110126912593841,0.9981565475463868,0.42347633838653564,0.5081509351730347,-0.0593745820224285,0.7881956100463867,0.3947606682777405,0.531958818435669,-0.2255808413028717,0.9967395067214966,0.42269402742385864,0.5395914316177368,-0.0742265731096267,0.7904441356658936,0.3955029249191284,0.5590362548828125,-0.2500202059745788,0.993147313594818,0.4220813512802124,0.5417098999023438,-0.0930545181035995,0.8067342042922974,0.4033079147338867,0.5553257465362549,-0.257312923669815,0.993736445903778,0.4214320778846741,0.5311171412467957,-0.0700311958789825,0.7751143574714661,0.40408724546432495,0.5468325614929199,-0.2271856814622879,0.988158643245697,0.40298324823379517,0.5095372200012207,0.0652511641383171,0.9999210238456726,0.3745441436767578,0.5088592767715454,-0.0652604475617408,0.9999563097953796,0.39135509729385376,0.6406874656677246,0.0729331821203231,0.4957075119018554,0.3683006763458252,0.6350765228271484,-0.072483591735363,0.9694967865943908,0.3838208317756653,0.768510103225708,0.1215757504105568,0.752582311630249,0.36784428358078003,0.7746325731277466,-0.0580204911530017,0.9817728400230408,0.3761584758758545,0.7899109125137329,0.1231820955872535,0.7921910881996155,0.3604305386543274,0.8018481731414795,-0.0623005554080009,0.938817858695984,0.40787237882614136,0.8038383722305298,0.0632942616939544,0.8777147531509399,0.3944982886314392,0.8186221718788147,-0.1556616425514221,0.986417591571808,5
0.42642080783843994,0.3126797676086426,-0.1658329963684082,0.9999914765357972,0.42939937114715576,0.3010683059692383,-0.155743196606636,0.9999887347221376,0.42986464500427246,0.3012375831604004,-0.1559483706951141,0.9999893307685852,0.4304009675979614,0.3013674318790436,-0.1560639441013336,0.9999892711639404,0.426941454410553,0.2980552613735199,-0.1736916005611419,0.9999885559082032,0.42453014850616455,0.2952404916286468,-0.1738655269145965,0.9999893307685852,0.4224436283111572,0.2921709716320038,-0.1738207638263702,0.9999909996986388,0.42258840799331665,0.2946279644966125,-0.0872199982404708,0.9999738335609436,0.4121990203857422,0.2824435532093048,-0.1699467152357101,0.999993860721588,0.4225636124610901,0.3217967748641968,-0.1367737203836441,0.9999783635139464,0.4185057282447815,0.3163368701934814,-0.1594945937395095,0.999988317489624,0.4219173192977905,0.3505389094352722,0.0011772902216762,0.9999740719795228,0.3763955235481262,0.3412701785564422,-0.1850912868976593,0.9999984502792358,0.42292171716690063,0.4390414953231811,0.0184100847691297,0.4013122618198395,0.3778119683265686,0.4423074722290039,-0.2095947563648224,0.99815034866333,0.4230470061302185,0.5099154114723206,-0.0606738105416297,0.796241283416748,0.3947049379348755,0.5320020914077759,-0.2289146035909652,0.9967836737632751,0.42277467250823975,0.5406528115272522,-0.0770784094929695,0.7977918982505798,0.39593958854675293,0.5586682558059692,-0.2543861269950866,0.9932658076286316,0.42176949977874756,0.5427602529525757,-0.096000500023365,0.8137438893318176,0.40344148874282837,0.5552924275398254,-0.2617368996143341,0.993844747543335,0.42091119289398193,0.5323021411895752,-0.0715150758624076,0.7825102806091309,0.40390175580978394,0.5469650626182556,-0.2307600528001785,0.9883195757865906,0.4021986722946167,0.5104514360427856,0.0643103420734405,0.9999240636825562,0.37352263927459717,0.509677529335022,-0.0643205121159553,0.9999573230743408,0.39144366979599,0.6409799456596375,0.0738604068756103,0.5129358172416687,0.3677917718887329,0.6353918313980103,-0.0687532797455787,0.9699109196662904,0.3831450343132019,0.7688849568367004,0.1232661828398704,0.7637683153152466,0.36795079708099365,0.7746620178222656,-0.0468691401183605,0.9825005531311036,0.3757215738296509,0.7902051210403442,0.1249994784593582,0.7980988621711731,0.36071574687957764,0.8018919825553894,-0.0507070310413837,0.938770055770874,0.4077930450439453,0.803912878036499,0.0652609318494796,0.8837796449661255,0.39336174726486206,0.8185840249061584,-0.1434062123298645,0.986822783946991,5
0.4255791902542114,0.3122400343418121,-0.1642638891935348,0.999991536140442,0.4282985329627991,0.3008649349212646,-0.153744950890541,0.9999889135360718,0.42862677574157715,0.3010049164295196,-0.1539483815431594,0.9999895691871644,0.42903953790664673,0.3010818064212799,-0.1540546417236328,0.9999895095825196,0.42590922117233276,0.2977012991905212,-0.1718256622552871,0.9999887347221376,0.42349332571029663,0.2948716580867767,-0.171999379992485,0.9999895095825196,0.42154258489608765,0.2920383214950561,-0.1719498187303543,0.9999911785125732,0.42196983098983765,0.2944541573524475,-0.0838347822427749,0.999974489212036,0.4110683798789978,0.2823363244533539,-0.1672620773315429,0.9999940395355223,0.4215470552444458,0.3209092020988464,-0.1347770690917968,0.9999785423278807,0.4173835515975952,0.3159840404987335,-0.1576350629329681,0.9999884366989136,0.42087841033935547,0.3508898615837097,0.0057191546075046,0.9999741315841676,0.3755697011947632,0.3410200178623199,-0.1840719580650329,0.9999984502792358,0.42288631200790405,0.4396695494651794,0.0241002086549997,0.4096007347106933,0.3771595358848572,0.4422325193881988,-0.2092039436101913,0.9981927275657654,0.42313557863235474,0.5108261108398438,-0.0494621731340885,0.794357180595398,0.3942118287086487,0.5318219065666199,-0.2279513478279113,0.9968855381011964,0.42299872636795044,0.5413044095039368,-0.0641409009695053,0.7965445518493652,0.3959689736366272,0.5578638315200806,-0.2530278861522674,0.993480384349823,0.42236971855163574,0.543413519859314,-0.0839089900255203,0.8127116560935974,0.4038238525390625,0.5545433759689331,-0.2596943080425262,0.9940391182899476,0.42138344049453735,0.53307044506073,-0.0604968406260013,0.7813866138458252,0.4042404294013977,0.5464879870414734,-0.2294783890247345,0.98865807056427,0.40258675813674927,0.511162281036377,0.0648317411541938,0.9999270439147948,0.3745260238647461,0.5098353624343872,-0.0648448318243026,0.9999590516090392,0.391704797744751,0.640975296497345,0.0783575624227523,0.5309180617332458,0.36840611696243286,0.6354192495346069,-0.07015360891819,0.9712880849838256,0.3829520344734192,0.7688464522361755,0.1297641992568969,0.7753502130508423,0.3674691915512085,0.7748985290527344,-0.0517458654940128,0.9836000800132751,0.37564021348953247,0.7900410890579224,0.1318078339099884,0.8056919574737549,0.3597230911254883,0.8019204139709473,-0.055380243808031,0.9411222338676452,0.407853901386261,0.8039292097091675,0.0748148187994957,0.890068531036377,0.39332008361816406,0.8186037540435791,-0.1454286575317382,0.9875624179840088,5
0.42479580640792847,0.3121067583560943,-0.1702043265104293,0.9999920725822448,0.4276072382926941,0.3008379936218261,-0.1589940637350082,0.9999896287918092,0.42807579040527344,0.3009865880012512,-0.159193605184555,0.9999902844429016,0.4286596179008484,0.3010599911212921,-0.1592960953712463,0.9999902248382568,0.42502254247665405,0.2973362803459167,-0.17714823782444,0.9999894499778748,0.42252105474472046,0.2944273054599762,-0.1773192435503006,0.999990165233612,0.4204789996147156,0.2916727066040039,-0.1772660166025161,0.9999917149543762,0.4217364192008972,0.2943761646747589,-0.0855025351047515,0.9999761581420898,0.4101771116256714,0.2821387648582458,-0.1686267405748367,0.9999943971633912,0.4210360050201416,0.3205729126930237,-0.1393414586782455,0.9999796152114868,0.4163179397583008,0.3156250715255737,-0.1622703373432159,0.9999889731407166,0.42013996839523315,0.3510124981403351,0.0068674986250698,0.999975085258484,0.37492501735687256,0.3404169082641601,-0.1827183067798614,0.9999984502792358,0.4229760766029358,0.4393442869186401,0.0254875924438238,0.4279838502407074,0.37601155042648315,0.4422020614147186,-0.2077456265687942,0.9982503652572632,0.4232807159423828,0.5103963017463684,-0.0452503822743892,0.8035144209861755,0.3937605619430542,0.5318677425384521,-0.2274914681911468,0.9970148801803588,0.4233394265174866,0.5411447882652283,-0.0594814456999301,0.8056061863899231,0.3954973816871643,0.5578734874725342,-0.2524959743022918,0.9937529563903807,0.42276161909103394,0.5430753827095032,-0.079717069864273,0.821241021156311,0.4035751223564148,0.5545310974121094,-0.2592470347881317,0.9942905902862548,0.42164742946624756,0.5322879552841187,-0.0564373172819614,0.7907078266143799,0.40394920110702515,0.546452522277832,-0.2290326952934265,0.9891284108161926,0.4026470184326172,0.5113590955734253,0.0651663616299629,0.9999293088912964,0.3748791813850403,0.5102415084838867,-0.0651815608143806,0.9999600052833556,0.39187705516815186,0.6408572196960449,0.0783017203211784,0.5499002933502197,0.36863112449645996,0.6351805925369263,-0.0712865442037582,0.972728192806244,0.3828735947608948,0.7688643932342529,0.1284293830394745,0.7866501212120056,0.3674623966217041,0.7750681042671204,-0.057469118386507,0.9846845269203186,0.37565159797668457,0.7900317311286926,0.1304314583539962,0.8136681318283081,0.35980457067489624,0.8021482229232788,-0.0613683126866817,0.9441113471984864,0.40791332721710205,0.8039249777793884,0.0749133676290512,0.8962731957435608,0.39339572191238403,0.8185710310935974,-0.1495592892169952,0.9883356094360352,5
0.4240936040878296,0.3112769424915313,-0.1718388050794601,0.9999924898147584,0.4269227981567383,0.3000745773315429,-0.1598877012729644,0.9999902248382568,0.4275432229042053,0.3002561926841736,-0.1600948870182037,0.9999908804893494,0.42825251817703247,0.3003401756286621,-0.1601942181587219,0.9999908208847046,0.4242209196090698,0.296360045671463,-0.1772643625736236,0.9999900460243224,0.42172175645828247,0.2934858500957489,-0.1774345785379409,0.9999907612800598,0.4195890426635742,0.2908041179180145,-0.1773937493562698,0.9999921917915344,0.4212997555732727,0.2939207553863525,-0.086453765630722,0.9999774694442748,0.4089871048927307,0.2811083793640136,-0.1698665022850036,0.9999947547912598,0.4205229878425598,0.3197579681873321,-0.1396505683660507,0.999980330467224,0.4155290722846985,0.314827412366867,-0.1634220033884048,0.99998939037323,0.41964495182037354,0.3508449494838714,0.0094019593670964,0.9999752044677734,0.3742882013320923,0.3400202095508575,-0.1829625070095062,0.9999984502792358,0.42246776819229126,0.4384499490261078,0.0325033776462078,0.4336300790309906,0.3740995526313782,0.4422048330307007,-0.2066754847764969,0.99830424785614,0.42351508140563965,0.5096911787986755,-0.0377653129398822,0.8043222427368164,0.39330947399139404,0.5320791006088257,-0.2260258793830871,0.9971113204956056,0.42358291149139404,0.5409290194511414,-0.0512466020882129,0.8070899844169617,0.3949950337409973,0.5582247972488403,-0.2510710954666137,0.9939464926719666,0.42381030321121216,0.5425549745559692,-0.0713539645075798,0.8227603435516357,0.40315544605255127,0.5545071959495544,-0.2576202750205993,0.9944689869880676,0.4220135807991028,0.5317030549049377,-0.0487819127738475,0.7924758791923523,0.40357697010040283,0.5463160872459412,-0.2274480909109115,0.9894657731056212,0.4025319814682007,0.5118862986564636,0.0652358010411262,0.9999310374259948,0.3751590847969055,0.5114503502845764,-0.0652538985013961,0.999960958957672,0.39186400175094604,0.641232967376709,0.0929488986730575,0.5668639540672302,0.3685213327407837,0.6356114745140076,-0.067398115992546,0.9742022156715392,0.38290077447891235,0.7685290575027466,0.1586271077394485,0.7976920008659363,0.3674231171607971,0.7751978635787964,-0.0443544648587703,0.9857219457626344,0.3756863474845886,0.7887730598449707,0.1623625457286834,0.8214901089668274,0.35974186658859253,0.8021116256713867,-0.0471512526273727,0.9469496607780457,0.4079625606536865,0.8039242625236511,0.1086227148771286,0.9020102620124816,0.393512487411499,0.8185271620750427,-0.1348301321268081,0.989061951637268,5
0.4233928322792053,0.3108698427677154,-0.1732111424207687,0.9999921321868896,0.42654913663864136,0.2996028959751129,-0.1619862467050552,0.9999898672103882,0.4273132085800171,0.2997586131095886,-0.1621998101472854,0.9999905824661256,0.42804402112960815,0.2997830212116241,-0.1623106300830841,0.9999905824661256,0.42353516817092896,0.295858770608902,-0.1794039905071258,0.999989688396454,0.42122405767440796,0.2930698692798614,-0.1795819550752639,0.999990463256836,0.41889137029647827,0.2903859317302704,-0.1795354038476944,0.9999918937683104,0.42067718505859375,0.2932333350181579,-0.0877736657857894,0.9999769926071168,0.40841758251190186,0.2805603444576263,-0.1709587126970291,0.9999946355819702,0.42024797201156616,0.3194088935852051,-0.140679657459259,0.9999793171882628,0.4151703715324402,0.3144993484020233,-0.164160281419754,0.999988853931427,0.4194965958595276,0.3496080636978149,0.0093441409990191,0.9999749064445496,0.37365442514419556,0.3395796120166778,-0.1830824166536331,0.9999983906745912,0.42183971405029297,0.4368469715118408,0.0348521843552589,0.4387290477752685,0.37177425622940063,0.4422920644283294,-0.2077752947807312,0.998325765132904,0.423675537109375,0.5066221356391907,-0.0333825573325157,0.8086579442024231,0.39136433601379395,0.5325421094894409,-0.2283031344413757,0.9971516132354736,0.4237020015716553,0.539469838142395,-0.0468881055712699,0.811717689037323,0.3941938877105713,0.5593060255050659,-0.2535583674907684,0.994027018547058,0.4241876006126404,0.5404539108276367,-0.067209281027317,0.8272285461425781,0.40237849950790405,0.5546234846115112,-0.2602905631065368,0.994541585445404,0.42220669984817505,0.528955340385437,-0.0443970784544944,0.7972511649131775,0.40265947580337524,0.5463671088218689,-0.2298377007246017,0.9895974397659302,0.4027014970779419,0.5130082368850708,0.0653946250677108,0.9999322295188904,0.37547463178634644,0.5139667987823486,-0.0654145255684852,0.9999614953994752,0.3919030427932739,0.6419733166694641,0.1015619784593582,0.5829666256904602,0.368137001991272,0.637021005153656,-0.0591451488435268,0.9753482937812804,0.3828456401824951,0.7683332562446594,0.1710661351680755,0.8079457879066467,0.36737608909606934,0.7752549052238464,-0.0259925965219736,0.9866157174110411,0.37566447257995605,0.7884810566902161,0.1751439571380615,0.8285645842552185,0.35970228910446167,0.8021078109741211,-0.0278935097157955,0.9490708112716676,0.4080581068992615,0.8039917945861816,0.1200755313038826,0.907182276248932,0.3935404419898987,0.8185362219810486,-0.1167779192328453,0.9896578192710876,5
0.4227829575538635,0.3087890148162842,-0.1708071827888488,0.9999922513961792,0.42609286308288574,0.2976332008838653,-0.1582372933626175,0.9999900460243224,0.42694729566574097,0.297954797744751,-0.1584404855966568,0.9999907612800598,0.4276847839355469,0.298101544380188,-0.1585432887077331,0.9999907612800598,0.4226682186126709,0.2939235866069793,-0.1761777698993683,0.9999898672103882,0.42027151584625244,0.2910831272602081,-0.1763467192649841,0.9999906420707704,0.41777342557907104,0.287935733795166,-0.1762863099575042,0.9999920129776,0.4201890826225281,0.2919329106807709,-0.0776101574301719,0.9999774694442748,0.4074575901031494,0.2789062261581421,-0.1613602936267852,0.999994695186615,0.4198153614997864,0.3180784583091736,-0.1372098177671432,0.9999790787696838,0.41454601287841797,0.3122637569904327,-0.1602655202150344,0.999988615512848,0.41875535249710083,0.3495960235595703,0.0218186695128679,0.9999746680259703,0.3732532262802124,0.3390853404998779,-0.1734656542539596,0.9999983310699464,0.4216926693916321,0.4366017878055572,0.0516667254269123,0.4429309070110321,0.36958396434783936,0.4422318339347839,-0.1967284679412841,0.998348355293274,0.4240266680717468,0.5049141049385071,-0.0167025942355394,0.8133771419525146,0.38748759031295776,0.532555878162384,-0.2189669758081436,0.997157871723175,0.42456454038619995,0.5375542640686035,-0.0303559303283691,0.8166594505310059,0.3901255130767822,0.5596558451652527,-0.2440719902515411,0.994040846824646,0.4251207709312439,0.5384455323219299,-0.050257571041584,0.8318794965744019,0.3974464535713196,0.5547145009040833,-0.2511020302772522,0.9945529699325562,0.42326676845550537,0.526658296585083,-0.0275961626321077,0.8024512529373169,0.3977668881416321,0.5464352965354919,-0.2206664979457855,0.9896461367607116,0.4027608633041382,0.5162844657897949,0.065835915505886,0.999933660030365,0.37561702728271484,0.5183348059654236,-0.0658498629927635,0.999962031841278,0.3919641375541687,0.6432380080223083,0.1097486391663551,0.5994218587875366,0.3678433895111084,0.6385602951049805,-0.0527644120156765,0.9765769243240356,0.38278740644454956,0.7682375907897949,0.1858852356672287,0.8183306455612183,0.36723774671554565,0.7752716541290283,-0.0093209883198142,0.987484574317932,0.3754861354827881,0.7884485125541687,0.1906986534595489,0.8360867500305176,0.3597368597984314,0.8021469116210938,-0.0100503358989954,0.9513952136039734,0.4075291156768799,0.8041572570800781,0.1356851160526275,0.912258505821228,0.39368635416030884,0.8181943297386169,-0.0976300537586212,0.990230143070221,5
0.4227977395057678,0.3068545162677765,-0.1721460074186325,0.9999917149543762,0.4260404706001282,0.2956458330154419,-0.159671813249588,0.9999895095825196,0.4268011450767517,0.2958442568778991,-0.1598724573850631,0.9999902844429016,0.4274619221687317,0.2958595156669616,-0.1599714905023574,0.9999904036521912,0.42225658893585205,0.2925252616405487,-0.1766932904720306,0.9999892711639404,0.42020320892333984,0.2901776134967804,-0.1768549382686615,0.9999901056289672,0.41778409481048584,0.2872101962566376,-0.1768044680356979,0.999991536140442,0.4195746183395386,0.2900858223438263,-0.0798079669475555,0.9999767541885376,0.4071574807167053,0.2781326174736023,-0.1664801985025406,0.999994456768036,0.4198566675186157,0.3163176774978637,-0.1390217691659927,0.9999779462814332,0.4149456024169922,0.3109943270683288,-0.1610071808099746,0.9999878406524658,0.41867905855178833,0.349491149187088,0.018682399764657,0.9999743700027466,0.37315529584884644,0.3388043642044067,-0.176988810300827,0.9999982714653016,0.42176926136016846,0.43681401014328,0.0507811680436134,0.4481825828552246,0.3677522540092468,0.4422608911991119,-0.200661227107048,0.9983544945716858,0.42475229501724243,0.5057262182235718,-0.0118913184851408,0.8203679323196411,0.3841765522956848,0.5337087512016296,-0.222230389714241,0.997185230255127,0.42524874210357666,0.5379720330238342,-0.0248950533568859,0.8228755593299866,0.3845497965812683,0.5617782473564148,-0.2472890466451645,0.9940699338912964,0.4259300231933594,0.5390450954437256,-0.0455522611737251,0.8378127217292786,0.3926824927330017,0.5572608709335327,-0.2545877397060394,0.994572103023529,0.42417335510253906,0.5275081396102905,-0.0230264253914356,0.8088685274124146,0.39329588413238525,0.5489281415939331,-0.2239989340305328,0.989676296710968,0.40309011936187744,0.5186648964881897,0.0660714581608772,0.9999346137046814,0.3760451078414917,0.5197392702102661,-0.0660816431045532,0.9999623894691468,0.39201200008392334,0.6441631317138672,0.1208236962556839,0.6108279824256897,0.3676615357398987,0.6396681070327759,-0.0454323813319206,0.9775063395500184,0.3826494812965393,0.768176257610321,0.2050478160381317,0.8264148831367493,0.3668460249900818,0.7754854559898376,0.0042030154727399,0.9882473349571228,0.37463438510894775,0.7884342670440674,0.2106750011444091,0.8413434624671936,0.3584698438644409,0.8022582530975342,0.0039047093596309,0.953007161617279,0.4074561595916748,0.8041637539863586,0.1555416285991668,0.9164405465126038,0.39374351501464844,0.8181180357933044,-0.0856841430068016,0.9907357692718506,5
0.4222370386123657,0.3056430518627167,-0.1902695596218109,0.9999919533729552,0.4257649779319763,0.2945248484611511,-0.1770270317792892,0.9999898076057434,0.42654967308044434,0.2947490215301513,-0.1772200614213943,0.9999905824661256,0.4272541403770447,0.2948153018951416,-0.1773160994052887,0.999990701675415,0.421522319316864,0.2915727496147156,-0.1944000571966171,0.9999895691871644,0.41953086853027344,0.2893720269203186,-0.1945701390504837,0.9999903440475464,0.4170563817024231,0.2864219546318054,-0.194501906633377,0.9999917149543762,0.41951674222946167,0.2897564470767975,-0.091101050376892,0.99997740983963,0.406355619430542,0.2776432037353515,-0.1734113544225692,0.9999945163726808,0.41940057277679443,0.3153354227542877,-0.1549455672502517,0.9999780654907228,0.41446852684020996,0.3099429905414581,-0.1769560277462005,0.9999878406524658,0.4185100197792053,0.3488396406173706,0.0140020651742815,0.9999743700027466,0.37308114767074585,0.3387820124626159,-0.1774015128612518,0.9999982118606568,0.42178934812545776,0.4369254410266876,0.0474679321050643,0.4536597430706024,0.3657265901565552,0.4421611130237579,-0.202124685049057,0.9983714818954468,0.42626792192459106,0.5039238333702087,-0.0166450273245573,0.8293439149856567,0.37972205877304077,0.5345741510391235,-0.2301277965307235,0.9972273707389832,0.427265465259552,0.5366820096969604,-0.0299960207194089,0.8316044211387634,0.37853139638900757,0.5636813640594482,-0.256217211484909,0.9941515922546388,0.42823708057403564,0.5388874411582947,-0.0511601530015468,0.846035361289978,0.38779348134994507,0.5601391196250916,-0.2649888694286346,0.9946500658988952,0.4268389344215393,0.5269622206687927,-0.0279930848628282,0.8180707097053528,0.38892167806625366,0.5508825778961182,-0.2327474951744079,0.9898474216461182,0.4035962224006653,0.5221311450004578,0.0661788359284401,0.9999350905418396,0.3775366544723511,0.5234866142272949,-0.066189207136631,0.9999623894691468,0.3921717405319214,0.6447218060493469,0.1212648078799247,0.6210761070251465,0.3680311441421509,0.6407356262207031,-0.0456676296889781,0.978326141834259,0.3826589584350586,0.7681829333305359,0.2066254317760467,0.8342790007591248,0.3667944073677063,0.7755478024482727,0.0052929576486349,0.9889181852340698,0.37422043085098267,0.788510799407959,0.2122993171215057,0.8467566967010498,0.358001708984375,0.8021678924560547,0.0051416079513728,0.9546200633049012,0.4074757695198059,0.8039882183074951,0.1567789912223816,0.9204243421554564,0.3938037157058716,0.8179787397384644,-0.0840134918689727,0.9911942481994628,5
0.4219053387641907,0.3045048117637634,-0.1877996623516082,0.9999917149543762,0.425479531288147,0.2935473620891571,-0.1748564690351486,0.9999895095825196,0.42624956369400024,0.2938046455383301,-0.1750522404909134,0.9999904036521912,0.42695850133895874,0.2939091026782989,-0.1751509308815002,0.9999905824661256,0.4210297465324402,0.2904012203216553,-0.1925794929265976,0.999989092350006,0.4191375970840454,0.2882351875305176,-0.1927502155303955,0.999989926815033,0.4166809916496277,0.2853036522865295,-0.1926822364330291,0.999991238117218,0.41910839080810547,0.2890123128890991,-0.090923324227333,0.999977171421051,0.4059903025627136,0.2769021689891815,-0.1732706725597381,0.9999940991401672,0.4190412163734436,0.3143962025642395,-0.1532334685325622,0.9999773502349854,0.41425973176956177,0.3088437616825104,-0.1756448149681091,0.9999871253967284,0.41831284761428833,0.3489360809326172,0.0136148678138852,0.999974489212036,0.3728639483451843,0.338883489370346,-0.1773592084646225,0.9999980926513672,0.42133790254592896,0.438929796218872,0.0531136393547058,0.4634124934673309,0.36408066749572754,0.4417848289012909,-0.1990250945091247,0.9983355402946472,0.42765146493911743,0.5045621991157532,-0.006254194304347,0.8409312963485718,0.3736485242843628,0.5350738763809204,-0.2301079928874969,0.9971954226493835,0.4289705157279968,0.5368282198905945,-0.0192982032895088,0.8425474166870117,0.36978137493133545,0.5643125176429749,-0.2561432719230652,0.9940885901451112,0.42999058961868286,0.539995014667511,-0.0420380309224128,0.8562226891517639,0.3795333504676819,0.5631078481674194,-0.2652815580368042,0.994593620300293,0.4287777543067932,0.5295930504798889,-0.0180889572948217,0.8295791149139404,0.3819303512573242,0.5538384318351746,-0.2328247129917144,0.9897844791412354,0.4037052392959595,0.5245664119720459,0.0662728101015091,0.9999353885650636,0.3792794346809387,0.5267461538314819,-0.0662843585014343,0.9999619722366332,0.3921835422515869,0.6453871726989746,0.1215564534068107,0.6288485527038574,0.3683010935783386,0.6427156925201416,-0.0406831316649913,0.9787635207176208,0.38267409801483154,0.7684692740440369,0.2081987559795379,0.840217113494873,0.36673372983932495,0.7756410241127014,0.0140852974727749,0.9894083738327026,0.3739866614341736,0.7888912558555603,0.2140286713838577,0.8498205542564392,0.35754263401031494,0.8021826148033142,0.0142381899058818,0.9551432728767396,0.4075431227684021,0.8038277626037598,0.1587384045124054,0.9235190749168396,0.3938666582107544,0.8179597854614258,-0.0746071189641952,0.9914959073066713,5
0.421644389629364,0.3027387857437134,-0.1869552731513977,0.9999910593032836,0.42514652013778687,0.2918079793453216,-0.1740454137325287,0.9999887347221376,0.4259466528892517,0.2923397421836853,-0.1742430627346038,0.9999897480010986,0.42669010162353516,0.2926856279373169,-0.1743457019329071,0.9999899864196776,0.42060643434524536,0.2879346907138824,-0.1914750933647155,0.9999880194664,0.41867178678512573,0.2854089140892029,-0.191646322607994,0.999988853931427,0.4161717891693115,0.2825182974338531,-0.1915791481733322,0.9999901056289672,0.41910499334335327,0.2881022989749908,-0.0908133238554,0.9999759197235109,0.4056258797645569,0.2757298946380615,-0.1682016998529434,0.9999932050704956,0.418785035610199,0.3125943541526794,-0.1525225192308426,0.99997478723526,0.4138772487640381,0.3075479567050934,-0.1748401373624801,0.9999850392341614,0.4183674454689026,0.3490088880062103,0.0129262376576662,0.9999730587005616,0.37260013818740845,0.3388190567493438,-0.1694504171609878,0.9999977946281432,0.4204205870628357,0.4405767917633056,0.0539343692362308,0.465467244386673,0.3619481325149536,0.4416355788707733,-0.1866226345300674,0.998242199420929,0.4277098774909973,0.511138379573822,0.0001727891649352,0.8501771688461304,0.36831194162368774,0.536487340927124,-0.2187397480010986,0.9970975518226624,0.42899835109710693,0.5404919385910034,-0.012429067865014,0.8513785600662231,0.3646792769432068,0.5649945735931396,-0.2431464195251464,0.9939340949058532,0.43011367321014404,0.5439956188201904,-0.0346996746957302,0.8645256161689758,0.37457507848739624,0.5649331212043762,-0.2542343735694885,0.9944676756858826,0.42883485555648804,0.535089373588562,-0.0113001344725489,0.8389812707901001,0.3774421215057373,0.555823564529419,-0.2224277853965759,0.989655613899231,0.40374255180358887,0.5271345973014832,0.0655702650547027,0.999933660030365,0.3798549771308899,0.5287312269210815,-0.0655853897333145,0.9999601244926452,0.39257943630218506,0.6468958258628845,0.1370759904384613,0.6316193342208862,0.3687909245491028,0.6464772820472717,-0.0076037147082388,0.9781753420829772,0.38281697034835815,0.7684755325317383,0.2282190918922424,0.8453561067581177,0.36673563718795776,0.7756996154785156,0.0633525177836418,0.989627242088318,0.3740221858024597,0.7885960936546326,0.2346501052379608,0.8515050411224365,0.357671856880188,0.8020577430725098,0.0653838664293289,0.9542784690856934,0.40757375955581665,0.8036968111991882,0.1811978071928024,0.9258607625961304,0.3935096263885498,0.8183231949806213,-0.0178560502827167,0.9915121793746948,5
0.4217569828033447,0.3012362718582153,-0.1662969291210174,0.9999898076057434,0.42499667406082153,0.2904626131057739,-0.1529007107019424,0.999987244606018,0.42575401067733765,0.291055679321289,-0.1531004905700683,0.9999884366989136,0.4264638423919678,0.2914845943450928,-0.153203472495079,0.999988853931427,0.42049771547317505,0.2866627275943756,-0.1699973046779632,0.9999859929084778,0.41852855682373047,0.2842187881469726,-0.1701641529798507,0.9999868869781494,0.41607868671417236,0.2815950512886047,-0.1700890362262725,0.999988317489624,0.41904008388519287,0.287214457988739,-0.0703290551900863,0.9999732971191406,0.4055718779563904,0.2753479480743408,-0.1493745595216751,0.9999916553497314,0.41877228021621704,0.3106333315372467,-0.1325736194849014,0.9999717473983764,0.41383224725723267,0.3062954545021057,-0.1542305052280426,0.9999826550483704,0.4183960556983948,0.350042462348938,0.024893831461668,0.9999721050262452,0.372459352016449,0.338421493768692,-0.154108315706253,0.9999975562095642,0.41987597942352295,0.4426076114177704,0.0653390064835548,0.4720069169998169,0.3606495261192322,0.4409503638744354,-0.1724841743707656,0.9981803894042968,0.4280214309692383,0.5149238109588623,0.0061768246814608,0.8598357439041138,0.3639839291572571,0.5371605753898621,-0.2074752151966095,0.9970551133155824,0.4298880696296692,0.542833149433136,-0.0071899434551596,0.8604514002799988,0.36024534702301025,0.5650990605354309,-0.231766939163208,0.9938692450523376,0.4310044050216675,0.5454755425453186,-0.0297835655510425,0.8729844093322754,0.3706313371658325,0.5654973387718201,-0.2437012195587158,0.9944179058074952,0.42934250831604004,0.5372286438941956,-0.0056356997229158,0.8486229777336121,0.37382906675338745,0.5568576455116272,-0.2115831226110458,0.9896291494369508,0.4040035605430603,0.5265347361564636,0.0653523281216621,0.999931275844574,0.38063812255859375,0.5276340246200562,-0.0653705075383186,0.999958038330078,0.3936668038368225,0.6469816565513611,0.1264323443174362,0.6281668543815613,0.36983078718185425,0.6471154689788818,-0.0207064058631658,0.9771938920021056,0.382824182510376,0.7692228555679321,0.2080249786376953,0.8450682163238525,0.3667747974395752,0.7766081690788269,0.0340168140828609,0.9896287322044371,0.3739648461341858,0.7894823551177979,0.2134541124105453,0.8488326072692871,0.3577526807785034,0.8025726675987244,0.034124206751585,0.9522680044174194,0.40774738788604736,0.803697943687439,0.1590799689292907,0.925980269908905,0.39355647563934326,0.8186131715774536,-0.0525933504104614,0.9913703203201294,5
0.42190098762512207,0.3001122772693634,-0.1747446805238723,0.9999892711639404,0.42487436532974243,0.2889013588428497,-0.1610552966594696,0.9999867081642152,0.4255523085594177,0.2895283699035644,-0.1612582504749298,0.9999879002571106,0.42621999979019165,0.2900562882423401,-0.1613549590110778,0.9999884366989136,0.4205819368362427,0.2854804694652557,-0.1782877594232559,0.9999852180480956,0.41855424642562866,0.283229798078537,-0.1784522980451584,0.9999861121177672,0.41620898246765137,0.2809894979000091,-0.1783657968044281,0.9999876022338868,0.4190342426300049,0.2859877943992615,-0.0745791420340538,0.9999722838401794,0.40573108196258545,0.2747496366500854,-0.1533580869436264,0.9999909996986388,0.41890794038772583,0.3094252049922943,-0.1398905664682388,0.9999704957008362,0.41397279500961304,0.3055853545665741,-0.1616688370704651,0.9999815821647644,0.41843128204345703,0.3500520884990692,0.0244242139160633,0.9999716877937316,0.37246423959732056,0.3381520211696625,-0.1627576500177383,0.9999974370002748,0.4192357659339905,0.4438929855823517,0.0610563196241855,0.4705041646957397,0.3587627410888672,0.440917819738388,-0.1833755522966385,0.9981268644332886,0.42847996950149536,0.5169786810874939,0.0058781206607818,0.8679205179214478,0.36083322763442993,0.5377358198165894,-0.2098435759544372,0.9970080256462096,0.4306600093841553,0.5447708964347839,-0.0064259418286383,0.8679541945457458,0.3570718765258789,0.5654957890510559,-0.2334413826465606,0.9937761425971984,0.43213772773742676,0.547344446182251,-0.0298958029597997,0.8800531029701233,0.36693060398101807,0.5658672451972961,-0.2499422430992126,0.9943408370018004,0.43024569749832153,0.5392599105834961,-0.0062014679424464,0.8566006422042847,0.3706204295158386,0.5571988821029663,-0.2170379906892776,0.9895508885383606,0.40506207942962646,0.5264514088630676,0.0653940811753273,0.9999281764030457,0.3826848268508911,0.5267422199249268,-0.0654108822345733,0.9999557733535768,0.3962066173553467,0.6469437479972839,0.1222313717007637,0.6240003108978271,0.37156879901885986,0.6476991772651672,-0.0262000262737274,0.9765681028366088,0.38298100233078003,0.7699577808380127,0.2033521682024002,0.8435235023498535,0.36680829524993896,0.7774984836578369,0.0261066425591707,0.9896677136421204,0.373958945274353,0.7906420230865479,0.2087371498346328,0.8455010056495667,0.35779088735580444,0.8030434250831604,0.0259512569755315,0.9506787657737732,0.4080585241317749,0.8036469221115112,0.1545938700437545,0.9256777167320251,0.393612265586853,0.8186559081077576,-0.0613953024148941,0.9913039803504944,5
0.42192548513412476,0.2987503409385681,-0.1714836210012436,0.9999889135360718,0.42488229274749756,0.2875459194183349,-0.1570886075496673,0.9999863505363464,0.42551934719085693,0.2881019115447998,-0.1572814285755157,0.999987542629242,0.4261849522590637,0.2885804772377014,-0.1573746055364608,0.9999881386756896,0.42075759172439575,0.2846072018146515,-0.1752193123102188,0.999984622001648,0.4186255931854248,0.2825669646263122,-0.175382450222969,0.9999855160713196,0.41632431745529175,0.2806529998779297,-0.1753019392490387,0.9999870657920836,0.4191206693649292,0.2851865589618683,-0.0705572888255119,0.999971330165863,0.405886709690094,0.2746228575706482,-0.1544282883405685,0.9999904036521912,0.4190426468849182,0.3081278800964355,-0.1364347487688064,0.9999696016311646,0.41403716802597046,0.3049046993255615,-0.1593483239412307,0.9999808073043824,0.418475866317749,0.3516199886798858,0.028143661096692,0.9999712705612184,0.3724985122680664,0.3380903601646423,-0.1619530171155929,0.99999737739563,0.4190605878829956,0.4464698433876037,0.0684680044651031,0.4644111692905426,0.3578150272369385,0.4409201741218567,-0.1847666949033737,0.998056173324585,0.42953383922576904,0.5226722955703735,0.0098010329529643,0.8742126822471619,0.3583809733390808,0.5382096171379089,-0.214701622724533,0.996907651424408,0.43167388439178467,0.5493428111076355,-0.0031003735493868,0.8737083077430725,0.35450804233551025,0.5654696822166443,-0.2391371130943298,0.9935959577560424,0.4334754943847656,0.551212728023529,-0.0267948750406503,0.8855031728744507,0.36387020349502563,0.5656204223632812,-0.25185027718544,0.9941859245300292,0.4317675828933716,0.5430304408073425,-0.0026516518555581,0.8628146648406982,0.36721271276474,0.5570673942565918,-0.2197076380252838,0.9893391132354736,0.40796756744384766,0.5259584784507751,0.0662889406085014,0.9999256730079652,0.38418227434158325,0.52638840675354,-0.0663138478994369,0.9999539852142334,0.4015081524848938,0.6472607254981995,0.1204395145177841,0.6165510416030884,0.37436503171920776,0.6477394700050354,-0.030946372076869,0.9758157134056092,0.3833622336387634,0.7699804902076721,0.2043834626674652,0.8382167816162109,0.36703383922576904,0.7775856256484985,0.0198391322046518,0.9895563125610352,0.374098002910614,0.7905675768852234,0.2100320905447006,0.8404725790023804,0.3580142855644226,0.8032126426696777,0.0196189396083354,0.9485263228416444,0.4080759882926941,0.803652822971344,0.1557384580373764,0.9232469201087952,0.39428603649139404,0.8186665177345276,-0.0685618221759796,0.9910709261894226,5
0.4220256805419922,0.2986289858818054,-0.1828210204839706,0.9999892115592957,0.42482656240463257,0.2875744998455047,-0.1688642054796219,0.9999868869781494,0.42543280124664307,0.288226842880249,-0.1690582484006881,0.9999879598617554,0.42610031366348267,0.2887710034847259,-0.1691440641880035,0.9999885559082032,0.4208783507347107,0.2843761444091797,-0.1867986768484115,0.9999850988388062,0.41872650384902954,0.2822184860706329,-0.1869571208953857,0.9999858736991882,0.4164355993270874,0.2803006470203399,-0.1868700534105301,0.9999873638153076,0.41904449462890625,0.2849700450897217,-0.0829095542430877,0.9999722242355348,0.40597081184387207,0.2740698158740997,-0.1659418940544128,0.9999904036521912,0.41913169622421265,0.3082121908664703,-0.1479838043451309,0.999970555305481,0.4141142964363098,0.3047733306884765,-0.1705962121486663,0.9999812841415404,0.41851192712783813,0.3522849082946777,0.0190820191055536,0.9999716877937316,0.3725169897079468,0.3382652699947357,-0.1695646196603775,0.99999737739563,0.4184238910675049,0.4490231573581695,0.064435139298439,0.4658596217632293,0.35751622915267944,0.4409139156341553,-0.1935268193483352,0.998033881187439,0.4303036332130432,0.5298242568969727,0.005771707277745,0.8819629549980164,0.35655057430267334,0.5398721694946289,-0.2303566187620163,0.996957778930664,0.43253904581069946,0.554840624332428,-0.0063657956197857,0.880846381187439,0.3529254198074341,0.5668275356292725,-0.2534385323524475,0.9937098622322084,0.43439561128616333,0.5566028356552124,-0.030116856098175,0.892145574092865,0.3622428774833679,0.5666422843933105,-0.2665061056613922,0.994297981262207,0.43274879455566406,0.5483700633049011,-0.0065037799067795,0.8704624176025391,0.3651760220527649,0.5581400394439697,-0.2348479628562927,0.9895738363265992,0.41003096103668213,0.5256375074386597,0.0668936073780059,0.9999256730079652,0.38560712337493896,0.5263310670852661,-0.0669277086853981,0.9999536275863647,0.40931618213653564,0.6472193002700806,0.0977793261408805,0.6180881857872009,0.37640464305877686,0.6479740142822266,-0.0326601155102252,0.974959433078766,0.38417208194732666,0.7688165307044983,0.1753388047218322,0.8358506560325623,0.3671208620071411,0.77769935131073,0.0174643583595752,0.9894724488258362,0.37444567680358887,0.7874912023544312,0.1804296225309372,0.838019609451294,0.3581008315086365,0.8032501339912415,0.0173886641860008,0.9463844299316406,0.4083177447319031,0.8034989237785339,0.1293603628873825,0.922762393951416,0.3942521810531616,0.8186937570571899,-0.068078301846981,0.9909245371818542,5
0.4222167134284973,0.2985914945602417,-0.1825656443834304,0.9999889135360718,0.42488348484039307,0.2877916395664215,-0.1685722172260284,0.9999868273735046,0.42549484968185425,0.2884676456451416,-0.1687670052051544,0.9999878406524658,0.42615753412246704,0.289011538028717,-0.1688554286956787,0.9999884366989136,0.42108970880508423,0.2844854593276977,-0.1865783780813217,0.9999849200248718,0.41900843381881714,0.2823374271392822,-0.1867378056049347,0.9999855756759644,0.41662001609802246,0.2803778052330017,-0.1866534501314163,0.9999871253967284,0.41910380125045776,0.2850976586341858,-0.0859040319919586,0.99997216463089,0.4061528444290161,0.2741461992263794,-0.1713003069162368,0.9999899864196776,0.4192054271697998,0.3082594275474548,-0.1477294266223907,0.9999702572822572,0.4144378900527954,0.3047918975353241,-0.1705526411533355,0.9999809861183168,0.41853243112564087,0.3533600568771362,0.0143146896734833,0.999971091747284,0.37254810333251953,0.3397510051727295,-0.1775093674659729,0.9999973177909852,0.4185348153114319,0.449455052614212,0.0606677383184433,0.4640907645225525,0.3571656346321106,0.4416291415691376,-0.2010474503040313,0.9980406165122986,0.4312535524368286,0.5310153365135193,0.0039688842371106,0.8877614736557007,0.3548625111579895,0.5410194396972656,-0.2327699661254882,0.9970282316207886,0.4331757426261902,0.556298553943634,-0.0072777192108333,0.8860884308815002,0.35068607330322266,0.5676446557044983,-0.2545846700668335,0.9938644766807556,0.43505072593688965,0.5580453276634216,-0.0308065824210643,0.8970432281494141,0.360146164894104,0.5679150223731995,-0.2672000825405121,0.9944409132003784,0.4333592653274536,0.5488355159759521,-0.0081582078710198,0.8762733340263367,0.3629201650619507,0.5600987672805786,-0.2367870509624481,0.9898584485054016,0.4117434024810791,0.5253635048866272,0.0678243413567543,0.999926745891571,0.3868364095687866,0.5259372591972351,-0.067857377231121,0.9999542236328124,0.41694194078445435,0.6469991207122803,0.0795104801654815,0.6289452910423279,0.3783915638923645,0.6487146615982056,-0.0335034132003784,0.974781572818756,0.38549381494522095,0.7651585936546326,0.1514924466609954,0.8370255827903748,0.36740589141845703,0.7777045369148254,0.0163329057395458,0.989695966243744,0.37618064880371094,0.7796732783317566,0.156257763504982,0.8400896191596985,0.35792219638824463,0.8033168315887451,0.0163658186793327,0.9459341764450072,0.4090801477432251,0.8024945259094238,0.1087077856063842,0.9238035678863524,0.3946726322174072,0.8186244964599609,-0.0656633153557777,0.9909871220588684,5
0.4226709008216858,0.2985017597675323,-0.1791630536317825,0.9999894499778748,0.42526882886886597,0.2879407703876495,-0.1648848503828048,0.999987542629242,0.4259740710258484,0.2886476516723633,-0.1650779992341995,0.9999884963035583,0.42669230699539185,0.2891894876956939,-0.1651590168476104,0.9999890327453612,0.42150580883026123,0.2845191657543182,-0.1838062852621078,0.9999858140945436,0.41952794790267944,0.2823918759822845,-0.1839606314897537,0.999986469745636,0.4171198606491089,0.2804235816001892,-0.1838782727718353,0.9999879002571106,0.41964656114578247,0.2851646840572357,-0.0810432508587837,0.9999735355377196,0.4069821238517761,0.2743558585643768,-0.1694495379924774,0.9999905824661256,0.41980940103530884,0.3083460927009582,-0.1444678604602813,0.9999716877937316,0.4150936007499695,0.3048010468482971,-0.1683395951986313,0.9999819993972778,0.41870349645614624,0.3539618849754333,0.0220995359122753,0.9999709129333496,0.3729907274246216,0.3409897685050964,-0.1772516369819641,0.9999974370002748,0.41842764616012573,0.4492049515247345,0.0653470233082771,0.4506895542144775,0.3575952649116516,0.4420473873615265,-0.1983562409877777,0.9981132745742798,0.4314982295036316,0.5294709205627441,0.0100147100165486,0.8875417709350586,0.3547039031982422,0.5423242449760437,-0.2262945473194122,0.9971805214881896,0.4336659908294678,0.5550682544708252,-1.828659515012987e-05,0.8862367868423462,0.350419819355011,0.5684996843338013,-0.2459089607000351,0.9941678643226624,0.43545037508010864,0.5568361282348633,-0.0235044620931148,0.8971620202064514,0.35948312282562256,0.5687815546989441,-0.2585918605327606,0.994715452194214,0.4337204098701477,0.5475420951843262,-0.0021845416631549,0.8768932819366455,0.362108051776886,0.5612354874610901,-0.2300345003604889,0.9903650879859924,0.41397249698638916,0.5253148078918457,0.0688527598977088,0.9999291896820068,0.38866668939590454,0.5255166292190552,-0.0688822194933891,0.99995619058609,0.4240567684173584,0.6462767720222473,0.0549281723797321,0.6538912057876587,0.38180071115493774,0.6494001150131226,-0.0587216950953006,0.9762446880340576,0.38891929388046265,0.7616246938705444,0.1233559772372245,0.84538733959198,0.36789125204086304,0.7779092788696289,-0.0021871847566217,0.990272581577301,0.37928664684295654,0.7759174704551697,0.1279073804616928,0.8474960923194885,0.3579252362251282,0.8032940030097961,-0.0013556354679167,0.947717308998108,0.41345828771591187,0.8014824390411377,0.0793480649590492,0.9278154373168944,0.3952491879463196,0.8188586235046387,-0.0809151604771614,0.9914148449897766,5
0.42353570461273193,0.2986320853233337,-0.1579001396894455,0.9999891519546508,0.426338791847229,0.2880787551403045,-0.1440614163875579,0.999987244606018,0.42711007595062256,0.2887731790542602,-0.1442550122737884,0.9999880194664,0.427839457988739,0.2893003821372986,-0.1443395912647247,0.999988317489624,0.42237526178359985,0.284647136926651,-0.1628518998622894,0.9999858736991882,0.42051446437835693,0.28250652551651,-0.163004457950592,0.9999866485595704,0.41823869943618774,0.2805101573467254,-0.1629281044006347,0.9999880790710448,0.4204103350639343,0.2852094769477844,-0.0618193373084068,0.9999716281890868,0.40816235542297363,0.2744516432285309,-0.1484181880950927,0.9999907612800598,0.42073553800582886,0.3084847331047058,-0.1242723688483238,0.9999690055847168,0.41619282960891724,0.3048723638057709,-0.1478755325078964,0.99998140335083,0.41881632804870605,0.3536292910575866,0.0405245348811149,0.999961256980896,0.3741450905799866,0.3430233597755432,-0.1627417653799057,0.9999975562095642,0.41712749004364014,0.4487020373344421,0.072040781378746,0.4111799001693725,0.35814064741134644,0.4439404606819153,-0.1876879185438156,0.9981673955917358,0.43134593963623047,0.5191351175308228,0.0129050137475132,0.8260723352432251,0.35617440938949585,0.5443578958511353,-0.217644602060318,0.9972426295280457,0.43356162309646606,0.5469893217086792,0.0040441090241074,0.8325048089027405,0.35128283500671387,0.56974196434021,-0.2369943708181381,0.994298815727234,0.43512117862701416,0.5490149259567261,-0.0175921823829412,0.8443761467933655,0.36049574613571167,0.5715359449386597,-0.2480368614196777,0.9948341846466064,0.43349331617355347,0.540074348449707,0.0012421992141753,0.8253659605979919,0.36345595121383667,0.5640652775764465,-0.2207235842943191,0.9905953407287598,0.4159708619117737,0.5250600576400757,0.0696884840726852,0.9999284744262696,0.39079558849334717,0.5250349640846252,-0.0697064772248268,0.9999578595161438,0.43052905797958374,0.6445860266685486,0.0388098396360874,0.6737975478172302,0.38488173484802246,0.6492074728012085,-0.0748241767287254,0.9777421355247498,0.395770788192749,0.7584468722343445,0.0895188897848129,0.8518235087394714,0.36779361963272095,0.7789977192878723,-0.0424157157540321,0.9908909797668456,0.38429707288742065,0.7737764716148376,0.0923987701535224,0.8534320592880249,0.35735487937927246,0.8034594058990479,-0.0439770258963108,0.9500030279159546,0.4224180579185486,0.8012544512748718,0.0437463521957397,0.9307620525360109,0.3977041244506836,0.8193382620811462,-0.1267201006412506,0.9918769598007202,5
0.42512810230255127,0.2985479533672333,-0.153630331158638,0.999985933303833,0.427765429019928,0.2880819737911224,-0.1406438797712326,0.9999829530715942,0.4284434914588928,0.2887502908706665,-0.1408383548259735,0.999983549118042,0.4291222095489502,0.2892458140850067,-0.140929028391838,0.9999827146530152,0.4238550662994385,0.2846303582191467,-0.1597582399845123,0.9999831914901732,0.421916127204895,0.2824918925762176,-0.1599219441413879,0.9999847412109376,0.41984760761260986,0.280533105134964,-0.1598526686429977,0.999986469745636,0.4214140772819519,0.2852962911128998,-0.0608257763087749,0.9999593496322632,0.4098650813102722,0.274633914232254,-0.1486418694257736,0.999989926815033,0.42229896783828735,0.3085713684558868,-0.1208187192678451,0.999957263469696,0.41773444414138794,0.3048505187034607,-0.1448488682508468,0.9999777674674988,0.419005811214447,0.3523183465003967,0.0417405553162097,0.9999407529830932,0.3758313059806824,0.3438778519630432,-0.1643043905496597,0.999997615814209,0.41644519567489624,0.4475397765636444,0.0693971812725067,0.3727462291717529,0.3595821261405945,0.4457134306430816,-0.1897004395723343,0.9982255697250366,0.4314553141593933,0.5116562247276306,0.0094420881941914,0.7542965412139893,0.3576808571815491,0.5467101335525513,-0.2271808534860611,0.997314453125,0.4347159266471863,0.5400664806365967,0.0001312785461777,0.7655524611473083,0.35267072916030884,0.5718182921409607,-0.2472231537103653,0.994451105594635,0.4361446499824524,0.541090190410614,-0.0213443208485841,0.7774039506912231,0.36128443479537964,0.5740581750869751,-0.2573265433311462,0.9949668049812316,0.4346598982810974,0.5323511958122253,-0.0022602826356887,0.7605761289596558,0.3643999695777893,0.5664516687393188,-0.2300586700439453,0.9908106923103333,0.4176959991455078,0.5250053405761719,0.0702437832951545,0.9999279975891112,0.39277034997940063,0.5248446464538574,-0.0702553018927574,0.9999598264694214,0.43706876039505005,0.6419695019721985,0.0398923978209495,0.6966372728347778,0.38666707277297974,0.6491549015045166,-0.0752768218517303,0.97934752702713,0.40623098611831665,0.7582494020462036,0.0924014970660209,0.8611681461334229,0.3681107759475708,0.7793734669685364,-0.0319307185709476,0.9915207624435424,0.39338457584381104,0.7735058069229126,0.0954211130738258,0.8615661859512329,0.3574010133743286,0.8034353852272034,-0.0324268974363803,0.9522045254707336,0.4352436661720276,0.8017649054527283,0.045635636895895,0.9348447918891908,0.3976091146469116,0.8203431963920593,-0.1154348850250244,0.992335557937622,5
0.42792487144470215,0.2985888719558716,-0.1452559381723404,0.9999772906303406,0.4301290512084961,0.2881452441215515,-0.1326352506875991,0.9999701380729676,0.4308522343635559,0.2887928187847137,-0.1328283548355102,0.9999700784683228,0.4316874146461487,0.289267748594284,-0.1329211145639419,0.9999643564224244,0.426460862159729,0.284696102142334,-0.1525858491659164,0.9999764561653136,0.42438435554504395,0.2825420498847961,-0.1527581065893173,0.9999802112579346,0.4222991466522217,0.2805742025375366,-0.1527085304260254,0.999983012676239,0.42321544885635376,0.285378485918045,-0.0548967681825161,0.999917447566986,0.41227877140045166,0.2748068869113922,-0.146170899271965,0.9999884963035583,0.42467623949050903,0.3086244761943817,-0.1130890995264053,0.9999252557754515,0.42009031772613525,0.3048632442951202,-0.1381509453058242,0.9999697804450988,0.41980570554733276,0.3481132686138153,0.0466640032827854,0.9998846054077148,0.3779061436653137,0.3457817137241363,-0.1653855144977569,0.9999977350234984,0.41324669122695923,0.4445796608924866,0.0672047659754753,0.3362393379211426,0.3627690076828003,0.4480655193328857,-0.1925249099731445,0.9983270764350892,0.41595202684402466,0.515267550945282,0.0074312365613877,0.6797869205474854,0.35780465602874756,0.5478635430335999,-0.2276751846075058,0.9974392652511596,0.41738396883010864,0.5407981872558594,-0.0007007971871644,0.6906744837760925,0.3540707230567932,0.5730956196784973,-0.2484976798295974,0.9946705102920532,0.42120057344436646,0.541322648525238,-0.0241178832948207,0.7014493346214294,0.3626050353050232,0.5753960013389587,-0.2578400671482086,0.9951553344726562,0.4198240637779236,0.533011257648468,-0.0035296648275107,0.686555027961731,0.3657042384147644,0.5675857663154602,-0.2303356081247329,0.9910805821418762,0.42188721895217896,0.5235596895217896,0.070768229663372,0.99992698431015,0.39614808559417725,0.5246784090995789,-0.070763275027275,0.9999622106552124,0.44310009479522705,0.6399075388908386,0.0139792812988162,0.7182563543319702,0.3881113529205322,0.6490560173988342,-0.0918758288025856,0.9808249473571776,0.41795283555984497,0.760524332523346,0.0556476935744285,0.8699716329574585,0.36860334873199463,0.7801551818847656,-0.0495956875383853,0.9920151233673096,0.4077048897743225,0.7779910564422607,0.0571493320167064,0.8689025640487671,0.3573756814002991,0.8038337826728821,-0.0506068207323551,0.9527002573013306,0.45172375440597534,0.8027552366256714,0.0001025665551424,0.9385133981704712,0.39673078060150146,0.8208966255187988,-0.1391958594322204,0.9926016330718994,5
0.4313744902610779,0.2988581359386444,-0.1724149733781814,0.9999684691429138,0.43371206521987915,0.2881772816181183,-0.1603377163410186,0.9999556541442872,0.43482744693756104,0.2888409197330475,-0.1605280190706253,0.9999539256095886,0.4357839822769165,0.2892992496490478,-0.1606212258338928,0.9999415278434752,0.42917001247406006,0.2852368652820587,-0.1807135939598083,0.999969720840454,0.42693036794662476,0.2832087874412536,-0.1809082776308059,0.999975562095642,0.4247003197669983,0.2812026143074035,-0.1808860450983047,0.999979555606842,0.42626655101776123,0.2856922745704651,-0.0800433531403541,0.99986070394516,0.4145761728286743,0.2760557532310486,-0.1725543290376663,0.9999871253967284,0.4293375611305237,0.3100470304489136,-0.1388300210237503,0.9998800158500672,0.4237387180328369,0.3054132163524627,-0.1643879860639572,0.9999594688415528,0.4229656457901001,0.3470151722431183,0.0277948211878538,0.9998283982276917,0.3806321620941162,0.3470813333988189,-0.1884163469076156,0.999997854232788,0.41291677951812744,0.4428629279136657,0.0399312488734722,0.3032298386096954,0.36627548933029175,0.4499284923076629,-0.2222651541233062,0.9984371662139891,0.4105603098869324,0.517074465751648,-0.0236058719456195,0.6123843789100647,0.3621528744697571,0.5500194430351257,-0.2590613663196563,0.9975634217262268,0.41071921586990356,0.5412607192993164,-0.0336392484605312,0.6226786375045776,0.35798656940460205,0.5766345262527466,-0.2824974656105041,0.9948846101760864,0.41469788551330566,0.5410090088844299,-0.0530809611082077,0.6324366927146912,0.36747652292251587,0.5758131742477417,-0.2907302975654602,0.9953363537788392,0.4137533903121948,0.5329081416130066,-0.0346199348568916,0.619217574596405,0.3701311945915222,0.567692756652832,-0.2611697316169739,0.9913280606269836,0.42521584033966064,0.5232897400856018,0.0706682875752449,0.9999271035194396,0.3997419476509094,0.5247809886932373,-0.0706628262996673,0.9999645948410034,0.4492108225822449,0.6385927200317383,-0.0097105111926794,0.739021360874176,0.39078497886657715,0.6490541100502014,-0.0850580781698226,0.9818539023399352,0.4327160716056824,0.7692542672157288,0.0192375071346759,0.8787352442741394,0.36859261989593506,0.7813428640365601,-0.0350864045321941,0.99224853515625,0.4223693013191223,0.7898070812225342,0.0192995108664035,0.8768450617790222,0.35735267400741577,0.8040373921394348,-0.0355000533163547,0.9517696499824524,0.4708097577095032,0.8036941885948181,-0.0395411737263202,0.9420892000198364,0.39620333909988403,0.8210146427154541,-0.1207326501607894,0.9925249218940736,5
0.43553024530410767,0.2997568249702453,-0.173408955335617,0.999955117702484,0.4380605220794678,0.2886276841163635,-0.1607690900564193,0.9999319314956664,0.43908900022506714,0.2891223430633545,-0.1609626412391662,0.999928057193756,0.440102219581604,0.2894694805145263,-0.1610561460256576,0.9999049305915833,0.4333574175834656,0.2859740853309631,-0.1808832436800003,0.999958336353302,0.4307193160057068,0.2840788662433624,-0.1810769736766815,0.9999674558639526,0.4283102750778198,0.2819313108921051,-0.1810516268014907,0.9999735951423644,0.4314219355583191,0.2865974009037018,-0.0789486616849899,0.999763548374176,0.4174036383628845,0.2767333388328552,-0.1697893291711807,0.9999846816062928,0.4338129162788391,0.311542272567749,-0.1390969604253769,0.9998190999031068,0.427407443523407,0.3060131371021271,-0.1643198132514953,0.9999460577964784,0.42582035064697266,0.347135841846466,0.0301952138543128,0.9997848868370056,0.38388293981552124,0.3483087122440338,-0.1845764815807342,0.9999979734420776,0.4133513569831848,0.4428511261940002,0.0453344359993934,0.2733005881309509,0.37012022733688354,0.452560156583786,-0.2175918519496917,0.9985136985778807,0.4153938889503479,0.5179685354232788,-0.0231073554605245,0.5516084432601929,0.3690531849861145,0.5514433979988098,-0.2542677223682403,0.997642695903778,0.4164171814918518,0.5413479208946228,-0.0334883518517017,0.5613418221473694,0.36590099334716797,0.5799046158790588,-0.2776857912540436,0.9950079917907716,0.4190157651901245,0.5405479073524475,-0.0539694614708423,0.570185124874115,0.375665545463562,0.5761640071868896,-0.2856540381908417,0.995434045791626,0.41793614625930786,0.5327951908111572,-0.0348616614937782,0.5584480166435242,0.3778475522994995,0.5676530599594116,-0.2562279105186462,0.991378366947174,0.42817699909210205,0.5272062420845032,0.070405788719654,0.9999298453330994,0.4026663303375244,0.5299099683761597,-0.0703835263848304,0.9999670386314392,0.45642054080963135,0.6374892592430115,-0.0457068681716918,0.7617614269256592,0.39144301414489746,0.6530554294586182,-0.0769699439406395,0.9822666645050048,0.4485340714454651,0.7754886150360107,-0.0349255762994289,0.8885868787765503,0.3685341477394104,0.7815045714378357,0.0043132677674293,0.9918643236160278,0.4376598000526428,0.7988292574882507,-0.0366502627730369,0.8855516910552979,0.35738688707351685,0.8039964437484741,0.0076483110897243,0.9459646344184875,0.486579954624176,0.8038071393966675,-0.1011908054351806,0.9463536143302916,0.3954957127571106,0.8215580582618713,-0.0694165304303169,0.9915906190872192,5
0.4394029974937439,0.3008981943130493,-0.1672302186489105,0.9999399781227112,0.4417914152145386,0.2893565893173218,-0.1546075642108917,0.9998990297317504,0.4426637291908264,0.2896389365196228,-0.1548018604516983,0.999893307685852,0.4434874653816223,0.2898135483264923,-0.1548976749181747,0.999855935573578,0.4376165270805359,0.2869423627853393,-0.1749634891748428,0.9999422430992126,0.4350219964981079,0.2850807607173919,-0.1751719564199447,0.99995619058609,0.4324066638946533,0.2829614281654358,-0.1751686781644821,0.9999653100967408,0.435565710067749,0.2873375415802002,-0.0715450718998909,0.9996377229690552,0.4211772680282593,0.2777490317821502,-0.1640986055135727,0.9999815225601196,0.4370739459991455,0.3125378787517547,-0.132578045129776,0.9997552037239076,0.4311407804489136,0.3071719408035278,-0.1579744815826416,0.9999325275421144,0.43133431673049927,0.347158670425415,0.0370032601058483,0.9997575879096984,0.3871452212333679,0.3501522243022918,-0.1836933642625808,0.9999980926513672,0.41936779022216797,0.4423634707927704,0.048341765999794,0.2464021742343902,0.37524813413619995,0.4542480111122131,-0.2120587974786758,0.9985595345497132,0.42514175176620483,0.5180000066757202,-0.0249935574829578,0.4968925714492798,0.37669092416763306,0.5506919622421265,-0.246598944067955,0.9976802468299866,0.42722851037979126,0.5406835079193115,-0.0356894209980964,0.5060969591140747,0.37210482358932495,0.5787308812141418,-0.2697402536869049,0.9950510263442992,0.4321107268333435,0.5401632785797119,-0.0568322651088237,0.5141234993934631,0.3810192346572876,0.5764302015304565,-0.2785930633544922,0.9954577088356018,0.43031585216522217,0.5319666862487793,-0.0372395254671573,0.5037282109260559,0.38442641496658325,0.5673434734344482,-0.2489706575870514,0.9912705421447754,0.4326455593109131,0.5308738350868225,0.0694218873977661,0.999933123588562,0.40516114234924316,0.5359960198402405,-0.0693951547145843,0.9999693632125854,0.46442145109176636,0.6373399496078491,-0.0422350764274597,0.7826454639434814,0.3932422995567322,0.6562141180038452,-0.0743793323636055,0.9824202656745912,0.46693354845046997,0.775989294052124,-0.0339877344667911,0.8979271054267883,0.36857765913009644,0.781396210193634,0.0180718228220939,0.9910337924957277,0.4566251039505005,0.8043045997619629,-0.036096554249525,0.8934342265129089,0.3572843074798584,0.8038675785064697,0.0222229436039924,0.9357973337173462,0.5060288608074188,0.8029372096061707,-0.1030530706048011,0.9504411220550536,0.3949716091156006,0.8215416669845581,-0.053805898874998,0.990183651447296,5
0.4434855580329895,0.3027620613574981,-0.1597380638122558,0.9999059438705444,0.44593214988708496,0.290942519903183,-0.147135779261589,0.99982088804245,0.44654327630996704,0.2909732162952423,-0.1473260819911956,0.9998101592063904,0.44710326194763184,0.2909141480922699,-0.1474170982837677,0.9997431635856628,0.44179725646972656,0.2888855636119842,-0.1681056767702102,0.9999027252197266,0.43967336416244507,0.2872710227966308,-0.1683113276958465,0.999927580356598,0.4370679259300232,0.2854679524898529,-0.1683074682950973,0.9999448657035828,0.4394705295562744,0.2892161607742309,-0.0651396363973617,0.999350368976593,0.4256642460823059,0.2810923457145691,-0.1607387959957122,0.999973475933075,0.44107478857040405,0.3140953481197357,-0.1255272328853607,0.9996373653411864,0.4358488917350769,0.3098262548446655,-0.1516876518726349,0.99990576505661,0.4342197775840759,0.3479438126087188,0.0426735877990722,0.9997351169586182,0.39135563373565674,0.3503077030181885,-0.1812906712293625,0.9999982118606568,0.42402249574661255,0.4449104964733124,0.0497348457574844,0.2219416350126266,0.3802805542945862,0.4562214910984039,-0.2166271954774856,0.9985488653182985,0.4339425563812256,0.5205337405204773,-0.0230990480631589,0.4473896622657776,0.38437527418136597,0.5531046986579895,-0.2546462416648865,0.9976125955581664,0.4363076090812683,0.5438472628593445,-0.0337974242866039,0.4558777511119842,0.3803306818008423,0.5829622745513916,-0.2789565026760101,0.9948522448539734,0.4394938349723816,0.5453789234161377,-0.0554768815636634,0.463136613368988,0.3895822763442993,0.5815385580062866,-0.2861568331718445,0.9952422380447388,0.43841880559921265,0.5369212627410889,-0.0356844887137413,0.4538547694683075,0.39279741048812866,0.571849524974823,-0.2563158571720123,0.9905585050582886,0.4360453486442566,0.5342175364494324,0.0681757256388664,0.9999361038208008,0.40911865234375,0.5401577949523926,-0.0681392326951026,0.9999714493751526,0.47094571590423584,0.6373120546340942,-0.0789119824767112,0.800009548664093,0.3960447311401367,0.659531831741333,-0.0724888518452644,0.9791412353515624,0.4836508631706238,0.7774018049240112,-0.0947182476520538,0.905253291130066,0.36857539415359497,0.7815248370170593,0.038036897778511,0.985531449317932,0.47673457860946655,0.8097569942474365,-0.0995669662952423,0.8984987735748291,0.35638588666915894,0.804193377494812,0.043457057327032,0.904626727104187,0.5247896611690521,0.7979916930198669,-0.1742927283048629,0.9534808397293092,0.39480674266815186,0.82149338722229,-0.0308782830834388,0.983394980430603,5
0.44793516397476196,0.3048143684864044,-0.1585915833711624,0.9998825788497924,0.4502466917037964,0.2926623225212097,-0.1475697308778762,0.9997655749320984,0.4506666660308838,0.2925623953342438,-0.1477612555027008,0.9997519850730896,0.4510946273803711,0.2923857271671295,-0.1478526890277862,0.9996697902679444,0.4464625120162964,0.290944904088974,-0.1683540493249893,0.9998731017112732,0.4443991780281067,0.2894554734230041,-0.1685577929019928,0.999905526638031,0.4421892762184143,0.2878711223602295,-0.168550044298172,0.999929428100586,0.4430662989616394,0.2910062968730926,-0.0684511661529541,0.9991658329963684,0.43039971590042114,0.2839361727237701,-0.1660037040710449,0.999967396259308,0.444718599319458,0.3159672319889068,-0.1261492371559143,0.9995579123497008,0.4399649500846863,0.3122467994689941,-0.1520929634571075,0.9998860955238342,0.4380682110786438,0.3498094081878662,0.037361916154623,0.999729573726654,0.3959782123565674,0.3514360785484314,-0.1873399317264557,0.9999983310699464,0.42742449045181274,0.4474323987960815,0.041631493717432,0.1998939216136932,0.3853940963745117,0.4598578512668609,-0.2180062383413314,0.9984892010688782,0.4395377039909363,0.5233759880065918,-0.0272983349859714,0.4027744233608246,0.39308422803878784,0.5579175353050232,-0.2497398108243942,0.9974210262298584,0.44235509634017944,0.5488125085830688,-0.0370773822069168,0.4105409681797027,0.39149630069732666,0.5883882641792297,-0.2753878533840179,0.9943577647209167,0.44593679904937744,0.5499517321586609,-0.0580048821866512,0.4170971512794494,0.39855003356933594,0.5867986679077148,-0.2858377993106842,0.994741678237915,0.4428402781486511,0.541962206363678,-0.0394876971840858,0.4087868332862854,0.4007413983345032,0.5770436525344849,-0.2525894343852997,0.989271342754364,0.43921053409576416,0.5373871922492981,0.0663461536169052,0.99993896484375,0.4104100465774536,0.5436449646949768,-0.0663112103939056,0.9999732971191406,0.4775874614715576,0.6375018954277039,-0.0530002154409885,0.8101001977920532,0.40044236183166504,0.6647471189498901,-0.0550687313079834,0.9722532629966736,0.49808818101882935,0.7790848612785339,-0.0820469707250595,0.9088401198387146,0.36866819858551025,0.7819086313247681,0.0648153722286224,0.9717925190925598,0.4934896230697632,0.8132480978965759,-0.0883470028638839,0.898077666759491,0.3564375638961792,0.8042633533477783,0.0714564621448516,0.8597459197044373,0.5422036349773407,0.7869674563407898,-0.1611161082983017,0.9546197652816772,0.39453017711639404,0.8212851881980896,0.0040212655439972,0.9693622589111328,5
