x_0,y_0,z_0,vis_0,x_1,y_1,z_1,vis_1,x_2,y_2,z_2,vis_2,x_3,y_3,z_3,vis_3,x_4,y_4,z_4,vis_4,x_5,y_5,z_5,vis_5,x_6,y_6,z_6,vis_6,x_7,y_7,z_7,vis_7,x_8,y_8,z_8,vis_8,x_9,y_9,z_9,vis_9,x_10,y_10,z_10,vis_10,x_11,y_11,z_11,vis_11,x_12,y_12,z_12,vis_12,x_13,y_13,z_13,vis_13,x_14,y_14,z_14,vis_14,x_15,y_15,z_15,vis_15,x_16,y_16,z_16,vis_16,x_17,y_17,z_17,vis_17,x_18,y_18,z_18,vis_18,x_19,y_19,z_19,vis_19,x_20,y_20,z_20,vis_20,x_21,y_21,z_21,vis_21,x_22,y_22,z_22,vis_22,x_23,y_23,z_23,vis_23,x_24,y_24,z_24,vis_24,x_25,y_25,z_25,vis_25,x_26,y_26,z_26,vis_26,x_27,y_27,z_27,vis_27,x_28,y_28,z_28,vis_28,x_29,y_29,z_29,vis_29,x_30,y_30,z_30,vis_30,x_31,y_31,z_31,vis_31,x_32,y_32,z_32,vis_32,label
0.394152969121933,0.529439389705658,-0.020711660385131836,0.9993706345558167,0.3878844082355499,0.5371636748313904,-0.009302381426095963,0.9994425773620605,0.38782402873039246,0.5385807752609253,-0.00950676016509533,0.9993933439254761,0.3876704275608063,0.5399020910263062,-0.009553936310112476,0.9996700882911682,0.3874991238117218,0.5395077466964722,-0.03142610564827919,0.9997119307518005,0.38720473647117615,0.5420010089874268,-0.03166547045111656,0.9997609257698059,0.3868526518344879,0.5450652241706848,-0.03180283308029175,0.9998137950897217,0.38979625701904297,0.5591881275177002,0.046966541558504105,0.9998763203620911,0.389582097530365,0.5663277506828308,-0.05751623958349228,0.999748945236206,0.40187034010887146,0.5377117991447449,0.0022934130392968655,0.9997283816337585,0.4014311134815216,0.5396157503128052,-0.02821841649711132,0.9997158050537109,0.43561869859695435,0.5569832921028137,0.11378075927495956,0.9999706149101257,0.4262162744998932,0.5955234169960022,-0.11497889459133148,0.9999427199363708,0.4794449806213379,0.5422897934913635,0.18343891203403473,0.21316103637218475,0.4474482536315918,0.5653091073036194,-0.21236704289913177,0.9953104257583618,0.47579994797706604,0.46656692028045654,0.1784827709197998,0.5463883876800537,0.4415140748023987,0.46806976199150085,-0.2786814272403717,0.9896848797798157,0.4738672375679016,0.44900545477867126,0.1866789609193802,0.6319041848182678,0.43880680203437805,0.4450647830963135,-0.3101047873497009,0.9809656143188477,0.468689888715744,0.4435778260231018,0.16213352978229523,0.6523313522338867,0.43649718165397644,0.44304242730140686,-0.29233598709106445,0.9788670539855957,0.4682947099208832,0.4498612582683563,0.16788144409656525,0.6317844390869141,0.439214825630188,0.44975346326828003,-0.27341896295547485,0.9585888385772705,0.5405849814414978,0.5480242967605591,0.0649641826748848,0.9999832510948181,0.5380664467811584,0.5853012204170227,-0.06499962508678436,0.999986469745636,0.6281477808952332,0.5297148823738098,0.10227665305137634,0.34150949120521545,0.62800532579422,0.604689359664917,-0.1154785007238388,0.9868317246437073,0.6022198796272278,0.6500590443611145,0.21209493279457092,0.2523634135723114,0.6012217998504639,0.7370873093605042,-0.005749973934143782,0.9020276665687561,0.5934107303619385,0.6723192930221558,0.22189852595329285,0.3775666654109955,0.5918406248092651,0.7490319013595581,0.007253472693264484,0.8517986536026001,0.6164897084236145,0.701749324798584,0.22134417295455933,0.38921043276786804,0.6308456063270569,0.7704715132713318,0.010578809306025505,0.9015511870384216,0
0.3942053020000458,0.5293655395507812,-0.01348959095776081,0.9992942810058594,0.38796088099479675,0.5370795726776123,-0.0004989504814147949,0.9993653893470764,0.38790446519851685,0.538419246673584,-0.0006844050367362797,0.9993014335632324,0.387752890586853,0.5396673679351807,-0.0007147440337575972,0.9996287226676941,0.3875636160373688,0.539486289024353,-0.02469557896256447,0.9996766448020935,0.387268990278244,0.5420082807540894,-0.02492527849972248,0.9997289776802063,0.38693347573280334,0.5451645851135254,-0.02506258711218834,0.9997958540916443,0.3900398313999176,0.5589307546615601,0.057494521141052246,0.999853253364563,0.38982370495796204,0.5662527084350586,-0.05423489958047867,0.9997178316116333,0.4018315076828003,0.5372528433799744,0.010376295074820518,0.9996923208236694,0.4014905095100403,0.539325475692749,-0.022768473252654076,0.9996765851974487,0.4386841356754303,0.5526842474937439,0.12330321967601776,0.9999672770500183,0.4259704053401947,0.5942071676254272,-0.10750610381364822,0.9999380111694336,0.4793238043785095,0.5245946049690247,0.1744164526462555,0.20671997964382172,0.44644397497177124,0.5564917922019958,-0.1947270929813385,0.9946922063827515,0.4716724157333374,0.451902836561203,0.1735319048166275,0.5458400249481201,0.44080162048339844,0.4574781358242035,-0.2377312034368515,0.9889659881591797,0.4661638140678406,0.43718910217285156,0.1851721853017807,0.6312827467918396,0.4393923878669739,0.4353999197483063,-0.2688139081001282,0.9798885583877563,0.4624841809272766,0.43171578645706177,0.15879696607589722,0.6520671248435974,0.4367820620536804,0.4317893385887146,-0.25227946043014526,0.9776045083999634,0.46388328075408936,0.43841037154197693,0.1657222956418991,0.6312208771705627,0.4393569529056549,0.4382264018058777,-0.23250651359558105,0.9558604955673218,0.5406392812728882,0.5472055673599243,0.06402630358934402,0.9999829530715942,0.5379717946052551,0.5856245756149292,-0.06406338512897491,0.9999859929084778,0.6281507015228271,0.5298990607261658,0.10169868916273117,0.31786268949508667,0.6279917359352112,0.6047061681747437,-0.11609470844268799,0.9818052053451538,0.6027339100837708,0.6439732909202576,0.2334553301334381,0.23234964907169342,0.6019256711006165,0.724051296710968,0.02949139103293419,0.8688755035400391,0.5939284563064575,0.6620147228240967,0.24593143165111542,0.35033607482910156,0.5946378707885742,0.714751124382019,0.047479212284088135,0.8174936175346375,0.6162624359130859,0.6928605437278748,0.25105443596839905,0.36031654477119446,0.6275224685668945,0.7536497712135315,0.057176489382982254,0.8683241605758667,0
0.3945175111293793,0.5293643474578857,-0.011984522454440594,0.9992497563362122,0.388251930475235,0.5369731783866882,0.0013192328624427319,0.9993189573287964,0.3881995975971222,0.5382250547409058,0.0011402794625610113,0.9992383122444153,0.3880464732646942,0.5393752455711365,0.0011189025826752186,0.999602198600769,0.38781148195266724,0.539454996585846,-0.022852987051010132,0.9996581673622131,0.3874967396259308,0.5420067310333252,-0.023082874715328217,0.9997103214263916,0.3871610462665558,0.5452595353126526,-0.023218588903546333,0.9997881054878235,0.39031895995140076,0.5586207509040833,0.059942904859781265,0.99983149766922,0.3899531066417694,0.5662134289741516,-0.05269334837794304,0.9996987581253052,0.40212488174438477,0.5369824171066284,0.012240943498909473,0.9996556639671326,0.40178602933883667,0.5392846465110779,-0.020886313170194626,0.9996404647827148,0.43925604224205017,0.5508058071136475,0.12473250925540924,0.9999631643295288,0.425823837518692,0.5925478339195251,-0.10516577214002609,0.9999348521232605,0.4781560003757477,0.5211735367774963,0.1787884384393692,0.19687776267528534,0.4436301290988922,0.5495120286941528,-0.18787667155265808,0.9937098622322083,0.47157853841781616,0.4471798837184906,0.15655937790870667,0.5340054631233215,0.4401664435863495,0.4444064199924469,-0.2294321358203888,0.9877750277519226,0.46529990434646606,0.4290717840194702,0.16159173846244812,0.6205276250839233,0.43987593054771423,0.4237321615219116,-0.26041436195373535,0.9781144857406616,0.46158450841903687,0.4250227212905884,0.13696463406085968,0.6421694755554199,0.4376744031906128,0.421232670545578,-0.24424739181995392,0.9755932092666626,0.46286335587501526,0.4308964014053345,0.14595481753349304,0.6217179298400879,0.43942517042160034,0.4273001551628113,-0.22435735166072845,0.9518288969993591,0.5407078266143799,0.5469203591346741,0.06385599076747894,0.9999822974205017,0.537940263748169,0.5858290791511536,-0.06391232460737228,0.9999852776527405,0.6281179189682007,0.5300283432006836,0.10003745555877686,0.2932605743408203,0.6279662847518921,0.6046736240386963,-0.11637326329946518,0.9713427424430847,0.6027818918228149,0.6372131705284119,0.23255084455013275,0.21253839135169983,0.6030609607696533,0.7094491124153137,0.04558207839727402,0.820931613445282,0.593925416469574,0.6520379781723022,0.24510838091373444,0.3222731649875641,0.5963908433914185,0.701166033744812,0.06505519896745682,0.7723175287246704,0.613628625869751,0.6899213194847107,0.25023552775382996,0.3314030170440674,0.6275303363800049,0.7404273152351379,0.07723943144083023,0.8227207064628601,0
0.3951154053211212,0.529250979423523,-0.006347297690808773,0.9992489814758301,0.3888307809829712,0.5366968512535095,0.006495365872979164,0.9993234872817993,0.3887430727481842,0.5379024147987366,0.0063093979842960835,0.9992401003837585,0.3885529637336731,0.5390455722808838,0.006284718401730061,0.9996085166931152,0.38843727111816406,0.539176881313324,-0.01768328808248043,0.9996605515480042,0.388128399848938,0.5417100787162781,-0.017906585708260536,0.9997097253799438,0.38779938220977783,0.5450225472450256,-0.018031278625130653,0.9997896552085876,0.39063194394111633,0.5584945678710938,0.06195669248700142,0.9998323917388916,0.3902495801448822,0.5658949017524719,-0.05179562792181969,0.9996934533119202,0.40266844630241394,0.5368019342422485,0.016596989706158638,0.9996518492698669,0.4024786949157715,0.5392581820487976,-0.016395926475524902,0.9996310472488403,0.43978041410446167,0.5509323477745056,0.12680812180042267,0.9999629259109497,0.42706531286239624,0.5856127738952637,-0.10552111268043518,0.9999330639839172,0.4769551455974579,0.5210974216461182,0.1976556032896042,0.18964028358459473,0.44068577885627747,0.5415223240852356,-0.18764059245586395,0.9932024478912354,0.4708186984062195,0.43984296917915344,0.19890420138835907,0.5336377620697021,0.4374738037586212,0.43463289737701416,-0.22826439142227173,0.9870498180389404,0.4620448350906372,0.42130276560783386,0.20850521326065063,0.6193534731864929,0.4372398257255554,0.4134865701198578,-0.2583116590976715,0.9770759344100952,0.45991864800453186,0.41667816042900085,0.1828737109899521,0.6415117979049683,0.43516743183135986,0.41317668557167053,-0.24111247062683105,0.9743902683258057,0.4613227844238281,0.4231492280960083,0.18812008202075958,0.6219365000724792,0.4363642632961273,0.41997620463371277,-0.22290633618831635,0.9493046402931213,0.5407957434654236,0.5469714999198914,0.06422415375709534,0.9999822974205017,0.5380296111106873,0.5857965350151062,-0.06425795704126358,0.9999849200248718,0.6281300783157349,0.5300097465515137,0.10391548275947571,0.2722628712654114,0.6278958916664124,0.6046736836433411,-0.11555533856153488,0.9682078957557678,0.6026540994644165,0.6397812366485596,0.2242681086063385,0.19629588723182678,0.6031371355056763,0.7162708640098572,0.02311616577208042,0.8068873882293701,0.5937398076057434,0.6557039618492126,0.2354566901922226,0.3009243607521057,0.5988957285881042,0.7146199345588684,0.039620257914066315,0.7582269906997681,0.6119462251663208,0.6924869418144226,0.23912708461284637,0.30962124466896057,0.6280380487442017,0.7466655969619751,0.04679165408015251,0.8106412887573242,0
0.3954184651374817,0.5292746424674988,-0.004100739490240812,0.9992436170578003,0.3890337347984314,0.5367172360420227,0.008454530499875546,0.9993235468864441,0.3889313042163849,0.5379015803337097,0.008270329795777798,0.9992350935935974,0.3887430727481842,0.5390352010726929,0.008252783678472042,0.9996142387390137,0.3886371850967407,0.5391855835914612,-0.015459476038813591,0.9996594786643982,0.38832634687423706,0.5417530536651611,-0.015676075592637062,0.9997033476829529,0.3880181312561035,0.5451164841651917,-0.015785526484251022,0.9997888803482056,0.3908606171607971,0.5584815740585327,0.06242065131664276,0.9998293519020081,0.3904632329940796,0.5659186244010925,-0.05029572546482086,0.9996787905693054,0.4029616117477417,0.536851167678833,0.018387241289019585,0.9996404051780701,0.4027670621871948,0.5393781661987305,-0.014236611314117908,0.9996092915534973,0.44137027859687805,0.5509591102600098,0.1254582703113556,0.9999624490737915,0.4273204803466797,0.5836247205734253,-0.10420660674571991,0.999927818775177,0.4721425473690033,0.5112981796264648,0.20310936868190765,0.18564452230930328,0.4369814693927765,0.5228410959243774,-0.17294354736804962,0.9912235140800476,0.46363750100135803,0.42867910861968994,0.21348293125629425,0.5354527831077576,0.43491774797439575,0.42467254400253296,-0.19610929489135742,0.9844392538070679,0.4561555087566376,0.41076257824897766,0.22416505217552185,0.6191930174827576,0.4320397675037384,0.40510332584381104,-0.2240980714559555,0.9734975099563599,0.45396870374679565,0.408770352602005,0.1976882517337799,0.6419306397438049,0.43032407760620117,0.4053114354610443,-0.20886613428592682,0.97043377161026,0.4558134078979492,0.41431236267089844,0.2026362270116806,0.6231390833854675,0.4321427345275879,0.4117623269557953,-0.19140072166919708,0.9421203136444092,0.5409124493598938,0.5470792055130005,0.06382929533720016,0.999981701374054,0.5380556583404541,0.5855892896652222,-0.06385275721549988,0.999983549118042,0.628124475479126,0.5297011137008667,0.10132026672363281,0.2505594491958618,0.6277787685394287,0.604710042476654,-0.11528504639863968,0.9547238945960999,0.6026726365089417,0.6364849805831909,0.22143737971782684,0.1793883889913559,0.6075693368911743,0.6868406534194946,0.040908776223659515,0.7628755569458008,0.5937149524688721,0.6479785442352295,0.23277603089809418,0.27653270959854126,0.5988555550575256,0.6928394436836243,0.0600106380879879,0.7194446325302124,0.6092053055763245,0.6914204955101013,0.23892827332019806,0.28541314601898193,0.6257116198539734,0.7297985553741455,0.07726936787366867,0.7715924978256226,0
0.3966422975063324,0.5300865173339844,-0.003862667130306363,0.9992668032646179,0.3898266553878784,0.5367340445518494,0.008343094028532505,0.999347984790802,0.3897334933280945,0.5379303693771362,0.008164511993527412,0.9992578029632568,0.3895746171474457,0.5390679240226746,0.008145677857100964,0.9996310472488403,0.3893030881881714,0.5392278432846069,-0.014770756475627422,0.9996712803840637,0.38893187046051025,0.5417906641960144,-0.014986331574618816,0.9997100830078125,0.38858547806739807,0.5452007055282593,-0.015093940310180187,0.9997957944869995,0.39126384258270264,0.5584758520126343,0.06184861436486244,0.9998347163200378,0.3906695246696472,0.5659520626068115,-0.046568822115659714,0.9996830224990845,0.4037545323371887,0.5375592708587646,0.018469059839844704,0.9996511936187744,0.40351933240890503,0.5404799580574036,-0.013159275986254215,0.9996147751808167,0.4417068362236023,0.5472133159637451,0.12521082162857056,0.9999637603759766,0.4267992675304413,0.5848491787910461,-0.10222510248422623,0.9999276399612427,0.4683314859867096,0.49778035283088684,0.20887477695941925,0.19726498425006866,0.4359455704689026,0.5182884335517883,-0.1754174381494522,0.9905590415000916,0.46036478877067566,0.4186089336872101,0.2278486043214798,0.5601623058319092,0.4320976436138153,0.4178776144981384,-0.21454960107803345,0.9844774007797241,0.45459768176078796,0.40206003189086914,0.24026744067668915,0.6371890902519226,0.4300937056541443,0.3961833715438843,-0.24448826909065247,0.9736369252204895,0.45191672444343567,0.39899855852127075,0.21475867927074432,0.6592270731925964,0.42717134952545166,0.3945499360561371,-0.22777138650417328,0.9705327749252319,0.4534749984741211,0.404901921749115,0.21794730424880981,0.6406974196434021,0.4283308684825897,0.40140461921691895,-0.20947366952896118,0.9419376850128174,0.540885329246521,0.5460767149925232,0.06255579739809036,0.9999809265136719,0.5380018949508667,0.5855208039283752,-0.06257904320955276,0.9999818205833435,0.6281203031539917,0.5275554060935974,0.10041959583759308,0.2321823090314865,0.6277435421943665,0.6047742962837219,-0.12064532190561295,0.9465504288673401,0.6031712293624878,0.6360078454017639,0.22114358842372894,0.16484078764915466,0.6092793941497803,0.6823749542236328,0.042163070291280746,0.723569393157959,0.5939624905586243,0.646990954875946,0.2326885610818863,0.2556658387184143,0.5986241102218628,0.68760085105896,0.06239120289683342,0.6867527961730957,0.6097978353500366,0.6917513012886047,0.24188166856765747,0.26461076736450195,0.6202877163887024,0.7315145134925842,0.08435168862342834,0.7365918159484863,0
0.3966885507106781,0.5303856134414673,0.0013183694100007415,0.999297022819519,0.3898792564868927,0.5367560982704163,0.013305410742759705,0.9993771910667419,0.38979360461235046,0.5379465818405151,0.013130408711731434,0.999288022518158,0.38965681195259094,0.5390816330909729,0.013109492138028145,0.9996513724327087,0.38934996724128723,0.5392522811889648,-0.010095025412738323,0.9996848106384277,0.3889962434768677,0.5418348908424377,-0.010305863805115223,0.9997180700302124,0.38867253065109253,0.5452560186386108,-0.01040380634367466,0.9998031258583069,0.3913376033306122,0.5584648251533508,0.06503722071647644,0.99984210729599,0.3907161355018616,0.565886378288269,-0.04294540733098984,0.9996871948242188,0.4038115441799164,0.537705659866333,0.023084815591573715,0.9996668100357056,0.4035552442073822,0.5405625700950623,-0.008883561007678509,0.999625027179718,0.44130924344062805,0.545531153678894,0.1272062510251999,0.9999659657478333,0.426188588142395,0.5846650004386902,-0.09992088377475739,0.999927818775177,0.46385136246681213,0.49166131019592285,0.21297837793827057,0.21073131263256073,0.43606528639793396,0.5124278664588928,-0.1731080412864685,0.9892520308494568,0.4586711525917053,0.41563141345977783,0.23103158175945282,0.5845354795455933,0.4297197461128235,0.4143105149269104,-0.20748379826545715,0.9830747246742249,0.4550381302833557,0.3999122083187103,0.24347259104251862,0.6547802090644836,0.4276491105556488,0.39019879698753357,-0.2369692325592041,0.9714863896369934,0.4520168602466583,0.39723366498947144,0.21776698529720306,0.6760773062705994,0.42478224635124207,0.38942235708236694,-0.22010095417499542,0.9679917097091675,0.4532504081726074,0.4026958644390106,0.22106559574604034,0.6576374173164368,0.42542460560798645,0.39796796441078186,-0.20230714976787567,0.9368173480033875,0.540866494178772,0.5457515716552734,0.06190525367856026,0.9999806880950928,0.5379085540771484,0.5851706266403198,-0.06193021312355995,0.9999804496765137,0.6282134652137756,0.5272607207298279,0.1001478061079979,0.2134651392698288,0.6276389956474304,0.6047494411468506,-0.12373688817024231,0.933908998966217,0.603653073310852,0.6354562044143677,0.22466987371444702,0.1502394676208496,0.6100227236747742,0.6802842617034912,0.04494975507259369,0.6767602562904358,0.594110906124115,0.6465534567832947,0.23677842319011688,0.23414523899555206,0.5987929701805115,0.684746503829956,0.06576146185398102,0.6471266150474548,0.6083323955535889,0.6920246481895447,0.25051644444465637,0.24275752902030945,0.6183565258979797,0.7315406799316406,0.09235154092311859,0.693703830242157,0
0.39661186933517456,0.530434787273407,0.004309674259275198,0.9993181228637695,0.38983967900276184,0.5367760062217712,0.016013162210583687,0.9993981122970581,0.3897574543952942,0.5379718542098999,0.015836423262953758,0.9993080496788025,0.3896297216415405,0.5390993356704712,0.015812870115041733,0.9996676445007324,0.3893142640590668,0.5391512513160706,-0.00847559329122305,0.9996945261955261,0.3889659643173218,0.5416819453239441,-0.008681869134306908,0.9997223615646362,0.3886467516422272,0.5449671149253845,-0.00877375714480877,0.999808132648468,0.39131996035575867,0.5584849119186401,0.06611345708370209,0.9998472332954407,0.39070555567741394,0.5654296278953552,-0.043743450194597244,0.9996849298477173,0.4037303030490875,0.5377436280250549,0.025688717141747475,0.999674916267395,0.40347427129745483,0.54056316614151,-0.0076638925820589066,0.9996257424354553,0.4407833516597748,0.553807258605957,0.12927792966365814,0.9999676942825317,0.42599573731422424,0.582297682762146,-0.10518763959407806,0.9999257326126099,0.4601192772388458,0.4965836703777313,0.21726547181606293,0.2103920727968216,0.4356548488140106,0.501506507396698,-0.17430998384952545,0.9869163632392883,0.4591720700263977,0.41912052035331726,0.23426832258701324,0.5920637249946594,0.42820408940315247,0.40090852975845337,-0.1943950057029724,0.9799956679344177,0.4562496244907379,0.40247833728790283,0.2467692643404007,0.6592414379119873,0.4264323115348816,0.3765873610973358,-0.2233237624168396,0.9672192931175232,0.4534698724746704,0.4001110792160034,0.21959692239761353,0.6807823777198792,0.42455559968948364,0.37467190623283386,-0.2073606699705124,0.9631731510162354,0.45461180806159973,0.4047309458255768,0.22348955273628235,0.6620433330535889,0.4257949888706207,0.38282647728919983,-0.18935689330101013,0.927391529083252,0.5408968329429626,0.5468956828117371,0.06262502074241638,0.9999804496765137,0.5379946231842041,0.5842252969741821,-0.062656469643116,0.9999791383743286,0.6282100081443787,0.5274063944816589,0.10452456027269363,0.19485123455524445,0.6275421380996704,0.6047013401985168,-0.12354757636785507,0.9170334935188293,0.6039841771125793,0.6358808279037476,0.23042167723178864,0.13624277710914612,0.6110181212425232,0.6849863529205322,0.0413878969848156,0.6293966770172119,0.5942764282226562,0.6476100087165833,0.24253201484680176,0.21325835585594177,0.5995591878890991,0.6905784606933594,0.06131809949874878,0.6066329479217529,0.6079951524734497,0.6943232417106628,0.25739505887031555,0.22116214036941528,0.6205123662948608,0.7370609641075134,0.08654341846704483,0.6494821310043335,0
0.39657479524612427,0.5303084254264832,0.002186391269788146,0.999337911605835,0.3898552656173706,0.5364909768104553,0.013612719252705574,0.9994189739227295,0.3897758722305298,0.537765383720398,0.013431372120976448,0.9993286728858948,0.3896564543247223,0.5389710664749146,0.013404980301856995,0.9996834993362427,0.38933056592941284,0.53867506980896,-0.010386737994849682,0.9997026324272156,0.38898876309394836,0.5411468148231506,-0.010592950507998466,0.9997256994247437,0.38867461681365967,0.5442126989364624,-0.010681213811039925,0.9998119473457336,0.39133933186531067,0.5583823323249817,0.06579621881246567,0.9998531937599182,0.3907451927661896,0.5646005272865295,-0.04576273262500763,0.9996774196624756,0.4036715626716614,0.5375673770904541,0.02353677898645401,0.9996822476387024,0.4034164845943451,0.540121853351593,-0.0091826431453228,0.9996238946914673,0.43954387307167053,0.5595076084136963,0.1282261162996292,0.9999694228172302,0.42597147822380066,0.5795589089393616,-0.10614064335823059,0.9999223351478577,0.460476815700531,0.49907729029655457,0.2125781923532486,0.20844073593616486,0.434714138507843,0.49131327867507935,-0.16729794442653656,0.984374463558197,0.45951205492019653,0.42003747820854187,0.22991541028022766,0.5961785316467285,0.4274951219558716,0.3923325836658478,-0.1775793880224228,0.9761609435081482,0.45661452412605286,0.4041846692562103,0.24243101477622986,0.6600208878517151,0.42538636922836304,0.36664509773254395,-0.2046649158000946,0.9621098041534424,0.45398423075675964,0.4015178978443146,0.2156880795955658,0.6814935207366943,0.4233749806880951,0.36628639698028564,-0.18939761817455292,0.957512617111206,0.45509153604507446,0.4053999185562134,0.21936258673667908,0.66240394115448,0.424984335899353,0.3736918866634369,-0.17274229228496552,0.9170444011688232,0.5410931706428528,0.548870861530304,0.06379535794258118,0.9999808669090271,0.5385481119155884,0.5836825370788574,-0.06383634358644485,0.9999788999557495,0.6282065510749817,0.5275189280509949,0.10747285187244415,0.17855313420295715,0.6275380849838257,0.6046050786972046,-0.12225287407636642,0.9076569080352783,0.6041691899299622,0.6362438201904297,0.22730998694896698,0.12404392659664154,0.6090199947357178,0.7183637022972107,0.024597086012363434,0.6008022427558899,0.5942927002906799,0.6492125391960144,0.24018768966197968,0.1957894265651703,0.6001603007316589,0.7101585268974304,0.04136461764574051,0.580098032951355,0.6085048317909241,0.6961824297904968,0.24923060834407806,0.20301026105880737,0.6211372017860413,0.7573105692863464,0.0610332153737545,0.6249225735664368,0
0.39654117822647095,0.5303348302841187,0.00044447972322814167,0.9993337392807007,0.38987886905670166,0.536490261554718,0.012590118683874607,0.9994226694107056,0.389807790517807,0.5377626419067383,0.012413304299116135,0.9993287324905396,0.38970232009887695,0.5389671921730042,0.012386756017804146,0.999690592288971,0.389342725276947,0.53868168592453,-0.01127321831882,0.9997020363807678,0.3890039324760437,0.5411794185638428,-0.011486859060823917,0.9997208118438721,0.38869407773017883,0.5442675352096558,-0.011589334346354008,0.9998109340667725,0.39150679111480713,0.5583109259605408,0.061250749975442886,0.9998550415039062,0.3908454179763794,0.5646225810050964,-0.0475783497095108,0.9996647834777832,0.40364521741867065,0.537448525428772,0.022928299382328987,0.9996798634529114,0.4033695161342621,0.5399852991104126,-0.009607341140508652,0.9996094703674316,0.43977198004722595,0.55866539478302,0.12505090236663818,0.9999702572822571,0.42554932832717896,0.5794638395309448,-0.10690676420927048,0.9999184012413025,0.4605167508125305,0.49760928750038147,0.21419461071491241,0.20925410091876984,0.4331962764263153,0.48968884348869324,-0.16385629773139954,0.9831954836845398,0.45940402150154114,0.42057499289512634,0.24278905987739563,0.6032747030258179,0.4254041016101837,0.3891293406486511,-0.17247642576694489,0.9752969145774841,0.45648065209388733,0.4045097231864929,0.25701284408569336,0.6643392443656921,0.422724187374115,0.3630027770996094,-0.1994810402393341,0.9611059427261353,0.45386016368865967,0.401398628950119,0.22977034747600555,0.6858336329460144,0.42087408900260925,0.3614710569381714,-0.1845119744539261,0.956436038017273,0.45486631989479065,0.40512439608573914,0.23238758742809296,0.6669273376464844,0.42304670810699463,0.36863964796066284,-0.16773243248462677,0.9148558378219604,0.5414846539497375,0.5488611459732056,0.06360730528831482,0.9999808669090271,0.5386103987693787,0.5834583044052124,-0.06364688277244568,0.999978244304657,0.628212571144104,0.5276046395301819,0.10646898299455643,0.16505159437656403,0.6275333762168884,0.6047235727310181,-0.12150408327579498,0.9025219082832336,0.6044760942459106,0.6364637017250061,0.22525222599506378,0.11369059234857559,0.6071880459785461,0.7222701907157898,0.02539367415010929,0.5782999992370605,0.5945231914520264,0.6500442624092102,0.23764042556285858,0.18109416961669922,0.5999917387962341,0.7103673815727234,0.04272793233394623,0.5607972741127014,0.6085584163665771,0.6966930627822876,0.24556146562099457,0.18799400329589844,0.6212749481201172,0.7590436935424805,0.06319896876811981,0.6062309145927429,0
0.39657899737358093,0.5304334759712219,-0.0003146314702462405,0.9993172287940979,0.38990601897239685,0.5365204811096191,0.012493733316659927,0.9994138479232788,0.3898339569568634,0.5378034114837646,0.0123159633949399,0.9993128776550293,0.38973626494407654,0.5390354990959167,0.012296070344746113,0.9996920228004456,0.3893606960773468,0.5386888980865479,-0.011896037496626377,0.999695360660553,0.38901785016059875,0.5412014722824097,-0.01209857128560543,0.9997087717056274,0.388708233833313,0.5443156361579895,-0.012181524187326431,0.9998064637184143,0.3916395306587219,0.558335542678833,0.05863424390554428,0.9998518228530884,0.3909376561641693,0.5646893382072449,-0.05019175633788109,0.9996417760848999,0.4036279022693634,0.5374574065208435,0.022498730570077896,0.9996674060821533,0.4033397436141968,0.5399894714355469,-0.010676945559680462,0.9995825886726379,0.4403788149356842,0.5584497451782227,0.12336047738790512,0.9999706745147705,0.42521992325782776,0.5787965059280396,-0.1089521124958992,0.9999150633811951,0.4601760804653168,0.494756281375885,0.21319131553173065,0.20633643865585327,0.43201154470443726,0.48737889528274536,-0.1637248545885086,0.9818557500839233,0.45935773849487305,0.41650187969207764,0.23887048661708832,0.605849027633667,0.42471715807914734,0.386440247297287,-0.16998153924942017,0.9746754169464111,0.45590469241142273,0.4005815088748932,0.2526269257068634,0.664556086063385,0.4223335087299347,0.36231011152267456,-0.19718384742736816,0.9602203965187073,0.4532963037490845,0.3980904221534729,0.2251245677471161,0.6862428188323975,0.42013654112815857,0.36067497730255127,-0.18232616782188416,0.9554452300071716,0.4543205797672272,0.40097150206565857,0.22827456891536713,0.6671162247657776,0.4224160313606262,0.36744049191474915,-0.1652415543794632,0.9124864339828491,0.5415042638778687,0.5495744347572327,0.06358024477958679,0.9999802112579346,0.5386056303977966,0.5833300948143005,-0.06362121552228928,0.9999767541885376,0.6281123757362366,0.5276712775230408,0.10638634860515594,0.1506424993276596,0.6274616718292236,0.6050301194190979,-0.11917530000209808,0.8852316737174988,0.6044706702232361,0.636336624622345,0.22702988982200623,0.10327041894197464,0.6095136404037476,0.6954361796379089,0.04122702404856682,0.5397911071777344,0.5945447087287903,0.6487841010093689,0.2389948070049286,0.16558487713336945,0.5999796986579895,0.6986138224601746,0.06074804812669754,0.5289011001586914,0.6085854172706604,0.6969353556632996,0.25245198607444763,0.17185771465301514,0.6221684217453003,0.7454261183738708,0.08710605651140213,0.5703638195991516,0
0.39678940176963806,0.530500054359436,0.0004866850795224309,0.9993324875831604,0.3899911642074585,0.5365403890609741,0.012569048441946507,0.99942946434021,0.38991135358810425,0.537820041179657,0.01238888781517744,0.9993280172348022,0.3898142874240875,0.5390617847442627,0.012366351671516895,0.9997038245201111,0.38943570852279663,0.5386983156204224,-0.011980141513049603,0.9997032880783081,0.38908302783966064,0.541233479976654,-0.012187059968709946,0.9997135400772095,0.3887740671634674,0.5443863272666931,-0.012274338863790035,0.9998112916946411,0.39190682768821716,0.5583397150039673,0.06050636246800423,0.9998558163642883,0.3912007212638855,0.5647797584533691,-0.05004887655377388,0.9996438026428223,0.4037643373012543,0.5374606847763062,0.022538861259818077,0.99967360496521,0.40340906381607056,0.5399931073188782,-0.010859891772270203,0.9995848536491394,0.44116973876953125,0.5582372546195984,0.12719735503196716,0.9999716877937317,0.42493751645088196,0.5793201923370361,-0.11076860129833221,0.999915361404419,0.4599032700061798,0.4960961937904358,0.22894881665706635,0.2099820226430893,0.4310774505138397,0.49299582839012146,-0.16421420872211456,0.9817410707473755,0.4595470428466797,0.4165078103542328,0.26449859142303467,0.618165910243988,0.42526546120643616,0.3919677138328552,-0.1837993711233139,0.9751958250999451,0.45639386773109436,0.40063944458961487,0.2803243100643158,0.6732261776924133,0.42387619614601135,0.367462158203125,-0.2121199518442154,0.9609826803207397,0.45380452275276184,0.39760902523994446,0.2521687150001526,0.6948209404945374,0.4214005470275879,0.36520594358444214,-0.19664053618907928,0.956266462802887,0.45472538471221924,0.40064767003059387,0.2538638412952423,0.6759472489356995,0.4233699142932892,0.37240469455718994,-0.17890004813671112,0.9134947061538696,0.5416926145553589,0.5500088930130005,0.06404554843902588,0.9999803304672241,0.5386589169502258,0.5833424925804138,-0.06408378481864929,0.9999762773513794,0.6281073689460754,0.5277135968208313,0.10755269229412079,0.13913509249687195,0.627406895160675,0.6050209403038025,-0.12052103877067566,0.8791205883026123,0.6046466827392578,0.6363798379898071,0.22884751856327057,0.09446524828672409,0.60941082239151,0.686768114566803,0.04208704084157944,0.5115118026733398,0.5946057438850403,0.6497358083724976,0.24069012701511383,0.15288490056991577,0.5993080139160156,0.6917999386787415,0.062111902981996536,0.506668210029602,0.6085841059684753,0.6971791386604309,0.2568885385990143,0.15870454907417297,0.6210167407989502,0.744920551776886,0.09003082662820816,0.5449370741844177,0
0.3968411386013031,0.5305145382881165,0.0008288120152428746,0.9993269443511963,0.39001190662384033,0.5365538597106934,0.012468812987208366,0.9994308948516846,0.3899322748184204,0.5378305912017822,0.012284546159207821,0.9993279576301575,0.389838844537735,0.5390694737434387,0.012258530594408512,0.9997099041938782,0.3894464075565338,0.5387130975723267,-0.011926702223718166,0.9997010231018066,0.389089971780777,0.5412594676017761,-0.012132455594837666,0.9997072219848633,0.38877782225608826,0.5444239377975464,-0.012219028547406197,0.9998080134391785,0.391920268535614,0.5583378672599792,0.060961510986089706,0.9998582005500793,0.39120566844940186,0.5648045539855957,-0.04974574223160744,0.9996271729469299,0.403766006231308,0.5374621748924255,0.02246108651161194,0.9996727108955383,0.40339434146881104,0.539978563785553,-0.010782692581415176,0.9995723366737366,0.4410959482192993,0.5585468411445618,0.127846360206604,0.9999725818634033,0.42491763830184937,0.5796756148338318,-0.11028193682432175,0.9999099373817444,0.45974746346473694,0.4968162178993225,0.22337698936462402,0.21213151514530182,0.4309610426425934,0.4954497218132019,-0.16668549180030823,0.9804374575614929,0.45932120084762573,0.41713252663612366,0.2502506375312805,0.6263208985328674,0.42475616931915283,0.39543935656547546,-0.18224214017391205,0.9722776412963867,0.4562075734138489,0.40104156732559204,0.2646603584289551,0.6784306764602661,0.4229612648487091,0.37138834595680237,-0.20943093299865723,0.9568969011306763,0.45374420285224915,0.39785581827163696,0.23765654861927032,0.7000311017036438,0.4212436079978943,0.36910417675971985,-0.19357748329639435,0.9517245292663574,0.4548150300979614,0.4011232554912567,0.23981651663780212,0.6813800930976868,0.42306655645370483,0.37663373351097107,-0.17714697122573853,0.9055466651916504,0.5417553186416626,0.5505840182304382,0.06523498147726059,0.9999805092811584,0.5387001633644104,0.5833225250244141,-0.06527559459209442,0.9999757409095764,0.6281054615974426,0.5278764367103577,0.10923485457897186,0.12826095521450043,0.6271714568138123,0.6050193309783936,-0.12010238319635391,0.8751746416091919,0.6046085953712463,0.6380078792572021,0.22767402231693268,0.08666969835758209,0.6073997020721436,0.6979146599769592,0.03719451278448105,0.49672219157218933,0.5946066975593567,0.650319516658783,0.23914779722690582,0.14183297753334045,0.599380373954773,0.6920542120933533,0.055725228041410446,0.4935326874256134,0.6093708276748657,0.6971915364265442,0.2526288330554962,0.14735287427902222,0.6245115399360657,0.7455886602401733,0.07827266305685043,0.5325910449028015,0
0.39687350392341614,0.5305262207984924,0.0008867908618412912,0.9993113279342651,0.39001283049583435,0.5365634560585022,0.012405498884618282,0.9994229674339294,0.3899342715740204,0.5378394722938538,0.012220575474202633,0.9993158578872681,0.38984403014183044,0.5390755534172058,0.012193714268505573,0.9997114539146423,0.3894425630569458,0.538725733757019,-0.0119739705696702,0.9996944665908813,0.3890863060951233,0.5412804484367371,-0.012180168181657791,0.9996961355209351,0.3887742757797241,0.5444554090499878,-0.01226748712360859,0.9998027682304382,0.3919435739517212,0.5583415627479553,0.06113504245877266,0.9998579025268555,0.39122140407562256,0.5648252964019775,-0.0496290884912014,0.9996070265769958,0.40375810861587524,0.537429928779602,0.022291092202067375,0.9996675848960876,0.4033811390399933,0.5399088859558105,-0.010909104719758034,0.9995551705360413,0.441757470369339,0.5583173036575317,0.12752412259578705,0.9999732375144958,0.4247020483016968,0.5799509286880493,-0.10981298238039017,0.9999066591262817,0.46027061343193054,0.4977949261665344,0.2217349112033844,0.21035756170749664,0.43045884370803833,0.49793741106987,-0.1681061089038849,0.9791567325592041,0.45886585116386414,0.4188854694366455,0.25212714076042175,0.6261189579963684,0.4242050349712372,0.39760199189186096,-0.18006069958209991,0.9693973660469055,0.45569130778312683,0.4024871289730072,0.26677343249320984,0.6762215495109558,0.4224478006362915,0.37323838472366333,-0.20704127848148346,0.9527959823608398,0.4534107744693756,0.3992663025856018,0.23977994918823242,0.6980524659156799,0.4209023416042328,0.37074214220046997,-0.19133801758289337,0.9470517039299011,0.4545418620109558,0.40286993980407715,0.24178113043308258,0.6796576380729675,0.42272427678108215,0.3785264790058136,-0.1750219762325287,0.897371232509613,0.542051374912262,0.5509008765220642,0.06501143425703049,0.9999807476997375,0.5389374494552612,0.5833675861358643,-0.0650508850812912,0.9999755620956421,0.6281680464744568,0.5280658006668091,0.10922680050134659,0.11812493205070496,0.6271415948867798,0.6050137281417847,-0.11929075419902802,0.8684236407279968,0.6046250462532043,0.6375182867050171,0.22724205255508423,0.07942075282335281,0.609120786190033,0.6936771869659424,0.03563954308629036,0.476848840713501,0.5946062803268433,0.6489105224609375,0.23856982588768005,0.13123713433742523,0.5993561148643494,0.6953883767127991,0.0541469044983387,0.4767143428325653,0.6094964742660522,0.6970986723899841,0.2508215010166168,0.13651253283023834,0.624540388584137,0.7435526251792908,0.07561478018760681,0.5150021910667419,0
0.39686235785484314,0.530711829662323,-0.004678893368691206,0.9993085265159607,0.38999882340431213,0.5366189479827881,0.006349576637148857,0.9994252920150757,0.3899211883544922,0.5378859639167786,0.006160462740808725,0.9993171095848083,0.38983333110809326,0.5391263961791992,0.006132892332971096,0.9997164011001587,0.3894192576408386,0.5387659668922424,-0.018007522448897362,0.9996943473815918,0.3890661299228668,0.5413516759872437,-0.018212713301181793,0.9996932744979858,0.3887549936771393,0.5445311665534973,-0.018298083916306496,0.9998021125793457,0.3919426202774048,0.5583396553993225,0.054386064410209656,0.9998595714569092,0.3912198841571808,0.5648449659347534,-0.056060440838336945,0.9995986223220825,0.4037329852581024,0.5374357104301453,0.016196085140109062,0.9996660947799683,0.4033604562282562,0.5399094820022583,-0.016950100660324097,0.9995463490486145,0.44173237681388855,0.5583861470222473,0.12030664086341858,0.9999735355377197,0.42469456791877747,0.5796268582344055,-0.11473926901817322,0.9999054670333862,0.4607161283493042,0.49842047691345215,0.21878193318843842,0.20714813470840454,0.42939627170562744,0.49897313117980957,-0.17303325235843658,0.979155421257019,0.45816633105278015,0.4200989603996277,0.2511610984802246,0.6268539428710938,0.42428046464920044,0.39827820658683777,-0.18476924300193787,0.9695547223091125,0.45477840304374695,0.4037100076675415,0.26646631956100464,0.6750569939613342,0.42289257049560547,0.37328797578811646,-0.21238712966442108,0.9529246687889099,0.4526424705982208,0.4003942012786865,0.23934370279312134,0.6970540881156921,0.4210622012615204,0.3710468113422394,-0.1966111660003662,0.94713294506073,0.45387229323387146,0.4039817154407501,0.24090434610843658,0.6788370609283447,0.422759473323822,0.3785059154033661,-0.17975877225399017,0.8971418142318726,0.5421346426010132,0.5512933135032654,0.06486500799655914,0.999980628490448,0.5391221642494202,0.5830086469650269,-0.06490489095449448,0.9999751448631287,0.628166913986206,0.528705894947052,0.10952252894639969,0.10886980593204498,0.6270893812179565,0.6050183773040771,-0.11530230194330215,0.8638951778411865,0.6041988134384155,0.6387526988983154,0.22588497400283813,0.07305994629859924,0.6065403819084167,0.6975756883621216,0.034838855266571045,0.46430182456970215,0.5944240689277649,0.6501503586769104,0.2365235686302185,0.12232481688261032,0.5990198254585266,0.6970146298408508,0.05319584906101227,0.46746596693992615,0.6094574332237244,0.6971301436424255,0.24926446378231049,0.12751026451587677,0.6239573955535889,0.7441231608390808,0.07419951260089874,0.5056483745574951,0
0.3968925476074219,0.5308796763420105,-0.005507234018296003,0.9992842674255371,0.38999441266059875,0.5366462469100952,0.005563273094594479,0.9994084239006042,0.38991692662239075,0.5379005074501038,0.0053742011077702045,0.9992961883544922,0.38982918858528137,0.5391339659690857,0.005345262121409178,0.9997130036354065,0.38941690325737,0.5387819409370422,-0.01880408264696598,0.9996832013130188,0.3890638053417206,0.5413752794265747,-0.019010763615369797,0.9996786117553711,0.3887525200843811,0.5445465445518494,-0.019098995253443718,0.999794065952301,0.3919420838356018,0.558307409286499,0.05417761951684952,0.9998571872711182,0.3912203013896942,0.5648590922355652,-0.056323789060115814,0.9995750188827515,0.4037230610847473,0.5374414920806885,0.015462759882211685,0.999653697013855,0.4033500552177429,0.5399125218391418,-0.017697643488645554,0.9995207786560059,0.44170424342155457,0.5582469701766968,0.11980021744966507,0.999973475933075,0.4246280789375305,0.5797571539878845,-0.11500277370214462,0.9999017119407654,0.46101051568984985,0.49902695417404175,0.21715711057186127,0.20313051342964172,0.4285767376422882,0.49977371096611023,-0.17352977395057678,0.9785668253898621,0.45782801508903503,0.42013856768608093,0.24923045933246613,0.6227182149887085,0.4236418902873993,0.3997284471988678,-0.18394285440444946,0.9679467082023621,0.45450887084007263,0.4040038287639618,0.2644115686416626,0.6696106791496277,0.42222145199775696,0.3752627670764923,-0.2106911540031433,0.9504063129425049,0.4523053765296936,0.40033790469169617,0.23718057572841644,0.6919317841529846,0.4208300709724426,0.3730580508708954,-0.19493117928504944,0.9442532658576965,0.4536735415458679,0.4037078022956848,0.23884716629981995,0.6741844415664673,0.4223865866661072,0.3804270625114441,-0.17886438965797424,0.8920270800590515,0.5422998666763306,0.5515786409378052,0.06474997103214264,0.9999805688858032,0.5393590927124023,0.5830265283584595,-0.0647885724902153,0.9999747276306152,0.6281440854072571,0.5295674800872803,0.1093878224492073,0.10045407712459564,0.6270354390144348,0.6049889922142029,-0.11482857167720795,0.8591232895851135,0.6040052771568298,0.6397277116775513,0.22392097115516663,0.06715899705886841,0.6049396395683289,0.7009032368659973,0.034461796283721924,0.44984695315361023,0.594346284866333,0.6512977480888367,0.23421509563922882,0.11377778649330139,0.5983516573905945,0.6980004906654358,0.05300035700201988,0.45567938685417175,0.6094987988471985,0.697348952293396,0.247041255235672,0.11870033293962479,0.6233924031257629,0.7443776726722717,0.07322690635919571,0.4930093586444855,0
0.3970438241958618,0.5309121012687683,-0.005405853968113661,0.9992752075195312,0.39003050327301025,0.5366494655609131,0.00573405297473073,0.9994044899940491,0.38996800780296326,0.5378941893577576,0.005545771215111017,0.9992878437042236,0.3898982107639313,0.5391144752502441,0.005517750978469849,0.9997137784957886,0.38942962884902954,0.5387929081916809,-0.018509788438677788,0.9996803998947144,0.3890778124332428,0.5413891673088074,-0.018717175349593163,0.9996727705001831,0.38876667618751526,0.5445572733879089,-0.018806513398885727,0.9997923374176025,0.39201581478118896,0.5581071376800537,0.054679445922374725,0.9998552799224854,0.39125627279281616,0.5648711919784546,-0.055238429456949234,0.9995632767677307,0.40382349491119385,0.5374401807785034,0.015628300607204437,0.9996454119682312,0.4033880829811096,0.5399150848388672,-0.01735200732946396,0.9995049238204956,0.44204646348953247,0.5581461191177368,0.119959257543087,0.9999730587005615,0.42450371384620667,0.5797584652900696,-0.11391248553991318,0.9998999238014221,0.46119821071624756,0.49937236309051514,0.21665014326572418,0.19823241233825684,0.42816564440727234,0.4993155598640442,-0.1722087562084198,0.9780556559562683,0.45769423246383667,0.4199914038181305,0.2500886023044586,0.6168270111083984,0.42319896817207336,0.3995699882507324,-0.18179813027381897,0.9674703478813171,0.45427557826042175,0.4042084813117981,0.26519685983657837,0.6626562476158142,0.42209067940711975,0.37581339478492737,-0.2086217850446701,0.9496067762374878,0.45204034447669983,0.4004588723182678,0.23776288330554962,0.6852788925170898,0.4207881987094879,0.37348702549934387,-0.19326135516166687,0.9433280825614929,0.45349887013435364,0.40380316972732544,0.23964336514472961,0.6678498983383179,0.4221848249435425,0.3808002471923828,-0.1769077628850937,0.8901782631874084,0.5423516631126404,0.5521901845932007,0.0642995685338974,0.9999803900718689,0.5393822193145752,0.58304363489151,-0.06433799117803574,0.9999743103981018,0.6281405687332153,0.5299261212348938,0.10914845764636993,0.09258749336004257,0.6270313262939453,0.6049748063087463,-0.11483524739742279,0.8495858311653137,0.6039763689041138,0.6389862298965454,0.22204473614692688,0.061632536351680756,0.6047047972679138,0.7016699314117432,0.035716522485017776,0.43019992113113403,0.5943472385406494,0.6513804197311401,0.23236465454101562,0.10559502243995667,0.5983322858810425,0.6970914602279663,0.054300691932439804,0.4396037757396698,0.6094884872436523,0.6975277662277222,0.2453867644071579,0.11026915162801743,0.6228997707366943,0.7446900010108948,0.07672213762998581,0.4754747152328491,0
0.3972565233707428,0.5309963226318359,-0.0032357496675103903,0.9992659091949463,0.3901154100894928,0.5366573929786682,0.008233238942921162,0.9993999600410461,0.39007312059402466,0.5379015207290649,0.00804626289755106,0.9992796182632446,0.39002516865730286,0.5391159653663635,0.008017003536224365,0.9997135400772095,0.3894878923892975,0.5388093590736389,-0.01593671552836895,0.9996773600578308,0.3891419470310211,0.5414595603942871,-0.01614748314023018,0.9996678829193115,0.38883456587791443,0.5446692705154419,-0.01623997464776039,0.9997897744178772,0.3921351134777069,0.558031439781189,0.05853467434644699,0.999854326248169,0.3913331925868988,0.5649781227111816,-0.051577381789684296,0.9995531439781189,0.40401357412338257,0.5374451279640198,0.018178531900048256,0.9996358752250671,0.40349245071411133,0.539973258972168,-0.014796638861298561,0.999487042427063,0.44242429733276367,0.5580927133560181,0.12611496448516846,0.9999725222587585,0.4241713881492615,0.5801463723182678,-0.11373556405305862,0.9998952746391296,0.4613145589828491,0.49944639205932617,0.22317562997341156,0.1951112300157547,0.42838144302368164,0.49970805644989014,-0.17254263162612915,0.9774641990661621,0.4577333331108093,0.42037445306777954,0.2572605311870575,0.6132254004478455,0.42287060618400574,0.4003147780895233,-0.18368488550186157,0.9653772115707397,0.4541512429714203,0.4044951796531677,0.27287739515304565,0.6586313247680664,0.4220115840435028,0.37596824765205383,-0.21069715917110443,0.946631133556366,0.4518178403377533,0.40082988142967224,0.24590648710727692,0.6816002726554871,0.4209826588630676,0.373974084854126,-0.19491861760616302,0.9400237202644348,0.45343929529190063,0.40424925088882446,0.2469259351491928,0.6649885177612305,0.42237499356269836,0.3815118670463562,-0.17866286635398865,0.8847640752792358,0.5424222350120544,0.5528713464736938,0.06543201953172684,0.999980628490448,0.5394079089164734,0.5832561254501343,-0.06547185033559799,0.9999744296073914,0.6281101107597351,0.5313414335250854,0.11052794754505157,0.08657713234424591,0.6270719170570374,0.6049823760986328,-0.11534785479307175,0.8519485592842102,0.6034906506538391,0.6412463188171387,0.22267407178878784,0.05742368474602699,0.6038926243782043,0.712029218673706,0.027426311746239662,0.429426372051239,0.5938724875450134,0.6542705297470093,0.23296672105789185,0.10014162212610245,0.5973193049430847,0.704150915145874,0.04498701170086861,0.437808632850647,0.6097443103790283,0.6978917717933655,0.24531856179237366,0.10447647422552109,0.6245834231376648,0.7475420236587524,0.06349711120128632,0.4752875566482544,0
0.39732298254966736,0.5311648845672607,-0.0027903765439987183,0.9992794394493103,0.3901379704475403,0.5366916060447693,0.008709266781806946,0.9994136095046997,0.3901083171367645,0.5379151105880737,0.008523033931851387,0.9992944002151489,0.39007487893104553,0.539122462272644,0.008496033027768135,0.9997214078903198,0.389496773481369,0.5388891100883484,-0.015048805624246597,0.9996834397315979,0.3891550600528717,0.541626513004303,-0.015260983258485794,0.9996724128723145,0.3888486623764038,0.5448698401451111,-0.015353037044405937,0.9997932314872742,0.39221322536468506,0.5579771995544434,0.059144292026758194,0.9998571872711182,0.3913784325122833,0.5651316046714783,-0.04848846420645714,0.999556839466095,0.4040645658969879,0.5374658703804016,0.01866082288324833,0.9996379613876343,0.4035113453865051,0.5400709509849548,-0.013746371492743492,0.9994857907295227,0.4425521790981293,0.5571828484535217,0.1258372664451599,0.9999722838401794,0.42392244935035706,0.5804057121276855,-0.1089370921254158,0.9998934268951416,0.4613174498081207,0.4996870160102844,0.2210904210805893,0.19334840774536133,0.42836111783981323,0.5001803636550903,-0.1699245721101761,0.9768869876861572,0.4574641287326813,0.4203813970088959,0.2522026300430298,0.6123724579811096,0.42213958501815796,0.40052440762519836,-0.1823701411485672,0.9640255570411682,0.453792929649353,0.40473857522010803,0.266990602016449,0.657328724861145,0.4211810231208801,0.3775011897087097,-0.20918501913547516,0.9447828531265259,0.45127159357070923,0.401004433631897,0.2401168793439865,0.6806150078773499,0.4203181266784668,0.375142902135849,-0.19347137212753296,0.937960684299469,0.4530862271785736,0.4045349657535553,0.24187445640563965,0.6644579768180847,0.42157354950904846,0.38257816433906555,-0.17736531794071198,0.8813928365707397,0.5424528121948242,0.5528322458267212,0.06471648067235947,0.9999803304672241,0.5394098162651062,0.5832515358924866,-0.06475707143545151,0.9999738335609436,0.6281175017356873,0.5316653847694397,0.10854078829288483,0.08071368932723999,0.6270933747291565,0.60500568151474,-0.11551572382450104,0.8471007347106934,0.6034355759620667,0.6408749222755432,0.21860823035240173,0.053100571036338806,0.6073607206344604,0.6974270939826965,0.027970025315880775,0.41506093740463257,0.5937665104866028,0.6548757553100586,0.22897474467754364,0.093789242208004,0.5974275469779968,0.701645016670227,0.04567395895719528,0.42567193508148193,0.6095181703567505,0.6980189085006714,0.2405661791563034,0.0980888307094574,0.6246002316474915,0.7423757314682007,0.06582745164632797,0.4628218412399292,0
0.3973400294780731,0.5311746001243591,-0.0014655787963420153,0.9992833137512207,0.39014774560928345,0.5366991758346558,0.010204232297837734,0.9994183778762817,0.3901175558567047,0.5379208326339722,0.010021237656474113,0.9992976188659668,0.3900841772556305,0.5391273498535156,0.009998171590268612,0.999724805355072,0.3895081579685211,0.5388953685760498,-0.01351720467209816,0.9996860027313232,0.38916876912117004,0.541649580001831,-0.013730627484619617,0.9996732473373413,0.38886407017707825,0.5449155569076538,-0.013824209570884705,0.9997949600219727,0.3922308385372162,0.5579675436019897,0.06103130802512169,0.9998571276664734,0.39140254259109497,0.5652070045471191,-0.046735428273677826,0.9995574355125427,0.4040811359882355,0.5374659895896912,0.02009461633861065,0.9996354579925537,0.40351641178131104,0.5400733947753906,-0.012270497158169746,0.9994807839393616,0.44259706139564514,0.5568133592605591,0.1258876919746399,0.9999718070030212,0.42383572459220886,0.5805383920669556,-0.10659989714622498,0.9998916387557983,0.461365282535553,0.499801903963089,0.22130338847637177,0.18962056934833527,0.42826947569847107,0.5001024603843689,-0.16793031990528107,0.9760855436325073,0.45744648575782776,0.4204961061477661,0.25445500016212463,0.6047881245613098,0.42202726006507874,0.40074750781059265,-0.17930105328559875,0.9621089100837708,0.45383888483047485,0.40491241216659546,0.26943323016166687,0.6498203873634338,0.421186625957489,0.3798361122608185,-0.2059345692396164,0.941974401473999,0.45124515891075134,0.4011799693107605,0.24227136373519897,0.6736083626747131,0.4204613268375397,0.3768754005432129,-0.19043487310409546,0.9348230361938477,0.4530187249183655,0.4047423303127289,0.24405787885189056,0.6581740975379944,0.4217456579208374,0.38395097851753235,-0.17435577511787415,0.876259982585907,0.542425811290741,0.5525338053703308,0.06404382735490799,0.9999799728393555,0.5393707156181335,0.583236038684845,-0.06408311426639557,0.9999733567237854,0.6281600594520569,0.5315977334976196,0.107502780854702,0.07525747269392014,0.6271317005157471,0.6050562262535095,-0.11639472842216492,0.8399807810783386,0.603427529335022,0.6400156617164612,0.21900056302547455,0.04904048517346382,0.6092308163642883,0.6906107068061829,0.03291519358754158,0.3975435495376587,0.5935764312744141,0.6514407396316528,0.2294871062040329,0.08754771202802658,0.5977297425270081,0.6977867484092712,0.051777370274066925,0.41010913252830505,0.6093624234199524,0.69803386926651,0.24081508815288544,0.09172855317592621,0.6248053908348083,0.7388097643852234,0.07432793825864792,0.4461505115032196,0
0.39737340807914734,0.5312767028808594,-0.0010951104341074824,0.9992785453796387,0.3901497423648834,0.5367492437362671,0.010565455071628094,0.9994152188301086,0.3901205062866211,0.5379689335823059,0.010383149608969688,0.9992906451225281,0.3900878131389618,0.5391799807548523,0.010360639542341232,0.9997246861457825,0.38950854539871216,0.5389227867126465,-0.013264434412121773,0.9996846914291382,0.3891700208187103,0.5416825413703918,-0.013479025103151798,0.9996699094772339,0.3888653814792633,0.5449437499046326,-0.013573464937508106,0.9997946619987488,0.39223581552505493,0.5579646825790405,0.06118752807378769,0.9998550415039062,0.3914095163345337,0.5652234554290771,-0.046965379267930984,0.999553382396698,0.4041142761707306,0.5374919176101685,0.02040410041809082,0.9996293187141418,0.40352901816368103,0.5400968194007874,-0.012084078043699265,0.9994716644287109,0.4427069127559662,0.5560368895530701,0.12581948935985565,0.9999714493751526,0.4238109290599823,0.5806764364242554,-0.10671498626470566,0.9998921155929565,0.46133071184158325,0.4993222951889038,0.22198909521102905,0.1853604018688202,0.42811712622642517,0.5003844499588013,-0.168229341506958,0.9759660363197327,0.45736998319625854,0.4202529788017273,0.25889790058135986,0.5982714891433716,0.42199426889419556,0.40095415711402893,-0.17985986173152924,0.9621475338935852,0.4537848234176636,0.40498086810112,0.2744268476963043,0.6432930827140808,0.42120981216430664,0.3804561495780945,-0.20663781464099884,0.9418537616729736,0.4511846601963043,0.40122857689857483,0.24709452688694,0.6674892902374268,0.42045533657073975,0.37703123688697815,-0.1911117434501648,0.93462073802948,0.4528142511844635,0.4048251509666443,0.24853894114494324,0.6524714231491089,0.4217803180217743,0.38408344984054565,-0.1748887598514557,0.8756372928619385,0.542441189289093,0.552304744720459,0.06338641792535782,0.9999796748161316,0.5393668413162231,0.5832154154777527,-0.06342301517724991,0.999972939491272,0.6281970739364624,0.5315606594085693,0.1070997416973114,0.07001810520887375,0.6271280646324158,0.6051219701766968,-0.11636073887348175,0.8307617902755737,0.6034277677536011,0.6395766139030457,0.21902847290039062,0.045197948813438416,0.6094442009925842,0.6851235628128052,0.04025554284453392,0.3777649998664856,0.5935431718826294,0.6500630378723145,0.2297433316707611,0.08158513158559799,0.5977430939674377,0.6922896504402161,0.059925664216279984,0.39374563097953796,0.6093338131904602,0.6980477571487427,0.24376897513866425,0.08552481234073639,0.6241181492805481,0.7340338826179504,0.08601333945989609,0.42686355113983154,0
0.39737996459007263,0.5313475728034973,-0.0018381716217845678,0.9992861151695251,0.39014989137649536,0.5367845892906189,0.009651148691773415,0.9994214177131653,0.3901202380657196,0.5380260944366455,0.009467157535254955,0.9992969632148743,0.3900872766971588,0.5392677187919617,0.009442666545510292,0.9997285604476929,0.38950952887535095,0.5389416217803955,-0.0143712954595685,0.9996881484985352,0.3891720175743103,0.5417221188545227,-0.01458443608134985,0.9996730089187622,0.38886916637420654,0.5449944138526917,-0.014676417224109173,0.9997968673706055,0.3922348916530609,0.557985246181488,0.05963994562625885,0.9998568296432495,0.39141663908958435,0.5652709007263184,-0.04970501735806465,0.9995555877685547,0.40412241220474243,0.537546694278717,0.01948155090212822,0.9996324181556702,0.4035324156284332,0.5401273369789124,-0.013249610550701618,0.9994743466377258,0.44269007444381714,0.5561152696609497,0.12503020465373993,0.9999715089797974,0.42381182312965393,0.5806862711906433,-0.11012616753578186,0.9998919367790222,0.4611755609512329,0.4992305040359497,0.22131972014904022,0.18412457406520844,0.4281269609928131,0.500220537185669,-0.17131637036800385,0.9762169122695923,0.45743468403816223,0.42021292448043823,0.2555035650730133,0.5983877778053284,0.4221649467945099,0.40107274055480957,-0.18153971433639526,0.9625838398933411,0.4538077414035797,0.4050600528717041,0.27058425545692444,0.642631471157074,0.4213431179523468,0.3805602490901947,-0.20810286700725555,0.9423907995223999,0.4511859118938446,0.40129202604293823,0.24338120222091675,0.6669803261756897,0.4205261766910553,0.37727290391921997,-0.192562535405159,0.9352119565010071,0.45272526144981384,0.4048832654953003,0.24512355029582977,0.6522237658500671,0.42183488607406616,0.3842692971229553,-0.1765064299106598,0.876497745513916,0.5424191355705261,0.5522800087928772,0.06375870108604431,0.9999793171882629,0.5393659472465515,0.5827642679214478,-0.06379370391368866,0.9999724626541138,0.6282092332839966,0.5315500497817993,0.10759756714105606,0.0658131092786789,0.6271277070045471,0.6051477789878845,-0.11589285731315613,0.829654335975647,0.6033319234848022,0.643395185470581,0.218507781624794,0.04204737767577171,0.6070395708084106,0.7017631530761719,0.03153330832719803,0.3723832964897156,0.5935221910476685,0.6556106209754944,0.2289232462644577,0.07715218514204025,0.5983874201774597,0.7004874348640442,0.04920826479792595,0.3893037736415863,0.610211193561554,0.6993921995162964,0.2402195930480957,0.08086961507797241,0.6249386668205261,0.740176796913147,0.06847985088825226,0.4224903881549835,0
0.397381991147995,0.5314325094223022,-0.0002384341205470264,0.9992935657501221,0.3901488482952118,0.5368555784225464,0.011047568172216415,0.9994297623634338,0.3901163935661316,0.538098156452179,0.01086508296430111,0.9993048906326294,0.3900800347328186,0.539347767829895,0.010841337963938713,0.999733567237854,0.38950955867767334,0.5390107035636902,-0.012735574506223202,0.9996925592422485,0.38917243480682373,0.5418379902839661,-0.01294850092381239,0.999675989151001,0.3888704478740692,0.5451401472091675,-0.01303823757916689,0.9998001456260681,0.3922334909439087,0.558013916015625,0.06011125072836876,0.9998582005500793,0.3914216458797455,0.5653749704360962,-0.048177774995565414,0.9995595812797546,0.4041217267513275,0.5375780463218689,0.020726945251226425,0.9996346235275269,0.40353143215179443,0.5401616096496582,-0.011675645597279072,0.9994763731956482,0.4426964223384857,0.5561109185218811,0.12407249957323074,0.9999715685844421,0.4238060712814331,0.5807178616523743,-0.10712158679962158,0.9998934268951416,0.46107760071754456,0.4989655613899231,0.22070962190628052,0.18167434632778168,0.4280804693698883,0.4999026954174042,-0.16524603962898254,0.9763297438621521,0.45742732286453247,0.4198358654975891,0.25391581654548645,0.5944322943687439,0.4222613573074341,0.4003758430480957,-0.17463494837284088,0.9631385803222656,0.4535495638847351,0.4048864245414734,0.26879599690437317,0.6382585763931274,0.42139241099357605,0.38005033135414124,-0.20106467604637146,0.943103015422821,0.4510003626346588,0.40119504928588867,0.24164247512817383,0.6627604961395264,0.42058610916137695,0.3767976760864258,-0.18615970015525818,0.9359415173530579,0.45247915387153625,0.4047532081604004,0.24353335797786713,0.6482317447662354,0.42187824845314026,0.38352900743484497,-0.1698862910270691,0.8775832056999207,0.5423992872238159,0.5517338514328003,0.06176752224564552,0.9999790191650391,0.5393626093864441,0.582489550113678,-0.06180213764309883,0.9999721646308899,0.6282252073287964,0.5311585068702698,0.10409959405660629,0.06142660602927208,0.6271263957023621,0.6051364541053772,-0.11386756598949432,0.8194157481193542,0.6033381819725037,0.6419641375541687,0.21810506284236908,0.03871067985892296,0.6080093383789062,0.6882646679878235,0.04264163225889206,0.35263490676879883,0.5935155749320984,0.6519150733947754,0.22889727354049683,0.07179425656795502,0.5983818173408508,0.693565309047699,0.06197614595293999,0.3729628026485443,0.610155463218689,0.6992582082748413,0.2411370426416397,0.07533545047044754,0.6190468668937683,0.7348039746284485,0.08864854276180267,0.4032878577709198,0
0.397379606962204,0.5314555168151855,0.0010849578538909554,0.9993036985397339,0.3901446461677551,0.536869466304779,0.012391389347612858,0.9994407296180725,0.39010870456695557,0.5381075739860535,0.012205949053168297,0.9993170499801636,0.3900696635246277,0.5393579006195068,0.012178555130958557,0.9997392892837524,0.38950908184051514,0.5390214920043945,-0.011293216608464718,0.9996984004974365,0.3891725242137909,0.5418540239334106,-0.01150636374950409,0.9996819496154785,0.38887181878089905,0.5451661348342896,-0.011597010307013988,0.9998039603233337,0.3922310471534729,0.558013379573822,0.061647702008485794,0.9998617768287659,0.3914254307746887,0.5654152035713196,-0.04618515446782112,0.9995666146278381,0.40411603450775146,0.5375811457633972,0.022109003737568855,0.999640703201294,0.4035285413265228,0.5401651859283447,-0.010172049514949322,0.9994822144508362,0.44266071915626526,0.5560554265975952,0.12584370374679565,0.9999717473983765,0.42377179861068726,0.5810133814811707,-0.10584095120429993,0.9998934864997864,0.4611801505088806,0.4989207088947296,0.22179163992404938,0.18072037398815155,0.4280964136123657,0.4999428689479828,-0.1655093878507614,0.9767210483551025,0.4574405550956726,0.4194507598876953,0.256235271692276,0.5952825546264648,0.42233407497406006,0.4001348912715912,-0.17685800790786743,0.9638372659683228,0.4534769356250763,0.40476593375205994,0.2714112401008606,0.6384509205818176,0.42146036028862,0.3795125186443329,-0.20351500809192657,0.9442017078399658,0.45085281133651733,0.4010988771915436,0.24469199776649475,0.6629768013954163,0.4206326901912689,0.3763549327850342,-0.188266322016716,0.9371576905250549,0.4522986114025116,0.4045000970363617,0.24602065980434418,0.6486827731132507,0.4219350218772888,0.3828636705875397,-0.17200446128845215,0.8797016739845276,0.5423231720924377,0.5512501001358032,0.06214021146297455,0.9999792575836182,0.5391762256622314,0.5822191834449768,-0.06217523664236069,0.9999725222587585,0.6282374858856201,0.5310617685317993,0.10424527525901794,0.05870833620429039,0.6271239519119263,0.6051717400550842,-0.11398639529943466,0.8240430951118469,0.6031103134155273,0.6450005769729614,0.21517209708690643,0.03656800091266632,0.6050565242767334,0.7110700607299805,0.02639017626643181,0.3576459586620331,0.5933753252029419,0.6562273502349854,0.2255621999502182,0.06936033070087433,0.5981178879737854,0.7076279520988464,0.04335752874612808,0.3778996467590332,0.6109606623649597,0.6998372673988342,0.2360585331916809,0.07267553359270096,0.6230177283287048,0.7484143376350403,0.06146250292658806,0.40943974256515503,0
0.3973811864852905,0.531450629234314,0.001858221017755568,0.9993079304695129,0.390144020318985,0.5368680953979492,0.013282222673296928,0.9994426965713501,0.3901063799858093,0.5381045341491699,0.013096747919917107,0.9993178248405457,0.390065461397171,0.5393588542938232,0.013066140934824944,0.9997413158416748,0.38951051235198975,0.5390083193778992,-0.010963833890855312,0.999700665473938,0.38917532563209534,0.5418338775634766,-0.011177020147442818,0.9996837973594666,0.38887742161750793,0.5451557040214539,-0.01126820407807827,0.9998055696487427,0.3922308385372162,0.5579767227172852,0.0628061294555664,0.9998628497123718,0.3914467692375183,0.5654022693634033,-0.04647653177380562,0.9995675683021545,0.40411511063575745,0.5375140905380249,0.023022746667265892,0.9996427297592163,0.40352877974510193,0.5400580167770386,-0.009978697635233402,0.999484658241272,0.44267767667770386,0.5561997294425964,0.12853391468524933,0.9999721646308899,0.4237530827522278,0.5809759497642517,-0.10818641632795334,0.9998942017555237,0.46139925718307495,0.4989238679409027,0.23082631826400757,0.1784101128578186,0.4281226396560669,0.49999117851257324,-0.16948050260543823,0.976940393447876,0.4573865532875061,0.41879433393478394,0.2723162770271301,0.5955094695091248,0.42239680886268616,0.3996334373950958,-0.1807282716035843,0.9644203186035156,0.45302101969718933,0.40443384647369385,0.2890884578227997,0.6377777457237244,0.4214954376220703,0.3781290054321289,-0.20786046981811523,0.9449548125267029,0.4504534900188446,0.4006378948688507,0.2615002393722534,0.6624308228492737,0.42064347863197327,0.37546613812446594,-0.19201895594596863,0.9379861950874329,0.4519187808036804,0.4039234519004822,0.261910080909729,0.6481273770332336,0.4219842553138733,0.38200879096984863,-0.17563000321388245,0.8807459473609924,0.542321503162384,0.5512644052505493,0.0638715922832489,0.9999791979789734,0.5391746759414673,0.5815925598144531,-0.06390869617462158,0.9999723434448242,0.6283071041107178,0.5310224294662476,0.1051412895321846,0.05535494163632393,0.6271234750747681,0.6050381660461426,-0.11411314457654953,0.8229147791862488,0.6030754446983337,0.6453976035118103,0.21577660739421844,0.034017082303762436,0.603970468044281,0.7105540633201599,0.026224665343761444,0.3503628373146057,0.5933600068092346,0.6578127145767212,0.22628995776176453,0.06562218815088272,0.5980731248855591,0.7076835036277771,0.043466344475746155,0.372387558221817,0.6115379929542542,0.7001398801803589,0.23649004101753235,0.0685286745429039,0.6232379674911499,0.7500811815261841,0.0631990060210228,0.4025540351867676,0
0.3973498046398163,0.5314029455184937,0.002911659423261881,0.9993150234222412,0.39009857177734375,0.5368532538414001,0.014494228176772594,0.999450147151947,0.3900522291660309,0.5380856394767761,0.014308447949588299,0.9993268847465515,0.39000123739242554,0.5393474698066711,0.01427681278437376,0.9997459053993225,0.38948437571525574,0.5389943718910217,-0.009812785312533379,0.9997036457061768,0.3891550302505493,0.5418204665184021,-0.010024272836744785,0.9996861219406128,0.38886019587516785,0.5451616644859314,-0.010113265365362167,0.9998067617416382,0.39219754934310913,0.5579553842544556,0.06465937197208405,0.9998656511306763,0.391448050737381,0.5654123425483704,-0.045418377965688705,0.9995681643486023,0.40410754084587097,0.5373921990394592,0.024303819984197617,0.9996458888053894,0.40352505445480347,0.539919376373291,-0.008771669119596481,0.9994857311248779,0.4426768124103546,0.5563732981681824,0.13016089797019958,0.9999724626541138,0.4237675964832306,0.5808305144309998,-0.1076379269361496,0.9998925924301147,0.4614102244377136,0.49832284450531006,0.22917667031288147,0.1782718300819397,0.42819535732269287,0.5017449855804443,-0.1696746051311493,0.9769144058227539,0.45740610361099243,0.41814208030700684,0.2574233114719391,0.600046694278717,0.42242032289505005,0.4000406861305237,-0.18177510797977448,0.9639179110527039,0.4529353082180023,0.40346816182136536,0.2717825472354889,0.6417623162269592,0.42153987288475037,0.37857505679130554,-0.20884159207344055,0.9442648887634277,0.450350284576416,0.39995792508125305,0.2450256496667862,0.6664197444915771,0.4206260144710541,0.3762308955192566,-0.1928558349609375,0.9372181296348572,0.4518565833568573,0.4033993184566498,0.2468743771314621,0.6519513726234436,0.4219872057437897,0.3825218081474304,-0.17661553621292114,0.8793770670890808,0.5424172878265381,0.5519025325775146,0.06443321704864502,0.9999790191650391,0.5391824841499329,0.5815883278846741,-0.06447106599807739,0.9999719262123108,0.6283078789710999,0.5309554934501648,0.10529801994562149,0.05267101526260376,0.6271274089813232,0.605049729347229,-0.1137479916214943,0.8234387040138245,0.6030915975570679,0.6458962559700012,0.21562854945659637,0.031892966479063034,0.6034044623374939,0.7096197009086609,0.025548728182911873,0.3462457060813904,0.5934299826622009,0.6588976383209229,0.22602207958698273,0.06267131865024567,0.597999632358551,0.7078192234039307,0.042652055621147156,0.3699139356613159,0.6124184727668762,0.7005298733711243,0.23616403341293335,0.0652943029999733,0.6234298348426819,0.7494553923606873,0.06145881116390228,0.39917445182800293,0
0.39732426404953003,0.5313348770141602,0.0001718199928291142,0.9993317127227783,0.39008626341819763,0.5368236899375916,0.012223601341247559,0.9994651675224304,0.39003267884254456,0.5380318760871887,0.012036558240652084,0.9993444681167603,0.389973908662796,0.5392665266990662,0.012007568031549454,0.9997534155845642,0.3894839286804199,0.538990318775177,-0.012319948524236679,0.999711275100708,0.3891557455062866,0.5418237447738647,-0.012528609484434128,0.9996930956840515,0.3888637125492096,0.545173168182373,-0.012613503262400627,0.999811053276062,0.39220014214515686,0.5578286647796631,0.06381390988826752,0.9998688697814941,0.39148277044296265,0.5654202103614807,-0.04742046073079109,0.9995733499526978,0.40408191084861755,0.5371291041374207,0.02204974740743637,0.9996498227119446,0.4035240709781647,0.5396929383277893,-0.011315974406898022,0.9994891285896301,0.4411162734031677,0.5563855767250061,0.12986412644386292,0.9999727010726929,0.42423853278160095,0.5786536931991577,-0.10883741080760956,0.9998912811279297,0.462098628282547,0.49845507740974426,0.228461354970932,0.17551954090595245,0.42822176218032837,0.5015955567359924,-0.16958771646022797,0.976142406463623,0.45741793513298035,0.4184209406375885,0.25624701380729675,0.5988798141479492,0.4225643277168274,0.39963752031326294,-0.17835667729377747,0.9629067182540894,0.4529587924480438,0.4038924276828766,0.27088743448257446,0.6407229900360107,0.42156511545181274,0.37816309928894043,-0.20493245124816895,0.9429258704185486,0.45036986470222473,0.40005144476890564,0.24340969324111938,0.6654508113861084,0.42076772451400757,0.37560734152793884,-0.18973684310913086,0.9357351660728455,0.4518894851207733,0.4035084843635559,0.2454313486814499,0.650876522064209,0.42226091027259827,0.3815506398677826,-0.17348963022232056,0.876832902431488,0.5426130890846252,0.5523688793182373,0.06456854194402695,0.9999791979789734,0.5392695069313049,0.5815679430961609,-0.06460603326559067,0.9999719858169556,0.6283188462257385,0.5308353900909424,0.10561813414096832,0.05018928274512291,0.6271288990974426,0.6050752401351929,-0.11375956237316132,0.8221529722213745,0.6031000018119812,0.6442986726760864,0.21468515694141388,0.029986200854182243,0.6029306650161743,0.7088273763656616,0.024566827341914177,0.34178128838539124,0.5934388637542725,0.6586984992027283,0.22485165297985077,0.05986985191702843,0.5979625582695007,0.7074586153030396,0.041605617851018906,0.3670167922973633,0.6120456457138062,0.7005985975265503,0.2359427511692047,0.062364254146814346,0.6233903169631958,0.7491898536682129,0.06179124861955643,0.39570093154907227,0
0.39728185534477234,0.5313078165054321,-0.0003735820355359465,0.9993743300437927,0.3900446593761444,0.5368343591690063,0.011985188350081444,0.9994997382164001,0.3899824023246765,0.5380401015281677,0.011799014173448086,0.9993867874145508,0.3899138867855072,0.5392763018608093,0.011770323850214481,0.9997695088386536,0.3894684612751007,0.539024293422699,-0.012948988005518913,0.9997298717498779,0.38914668560028076,0.5418914556503296,-0.013159503228962421,0.9997126460075378,0.38885900378227234,0.5452950596809387,-0.013244900852441788,0.9998226761817932,0.392194926738739,0.5578229427337646,0.06396413594484329,0.999877393245697,0.39150676131248474,0.5654744505882263,-0.04845613241195679,0.9995985627174377,0.4040569067001343,0.537007749080658,0.021885523572564125,0.9996711611747742,0.40352433919906616,0.5395756959915161,-0.01201122161000967,0.9995195269584656,0.44212353229522705,0.5563392639160156,0.13138484954833984,0.9999739527702332,0.4243941307067871,0.578559398651123,-0.11065330356359482,0.9998946189880371,0.46269476413726807,0.4984979033470154,0.23327381908893585,0.1830899566411972,0.4282391667366028,0.5052866339683533,-0.1765427440404892,0.9768534302711487,0.45757782459259033,0.418974369764328,0.269559770822525,0.6162681579589844,0.4233437478542328,0.40297457575798035,-0.19141384959220886,0.9636873602867126,0.4532115161418915,0.40416419506073,0.2857983410358429,0.6558763384819031,0.42237231135368347,0.38117530941963196,-0.21872834861278534,0.943922758102417,0.45079150795936584,0.4004879593849182,0.25806015729904175,0.6800931096076965,0.42135652899742126,0.37842994928359985,-0.20253422856330872,0.9368359446525574,0.45222264528274536,0.40425190329551697,0.25894397497177124,0.6656978130340576,0.4230463206768036,0.38514992594718933,-0.1861889660358429,0.8787559866905212,0.5426241755485535,0.5521575808525085,0.06606791168451309,0.9999798536300659,0.5391530990600586,0.5816149711608887,-0.0661035105586052,0.9999727606773376,0.6283284425735474,0.530830442905426,0.10606610774993896,0.05018625780940056,0.6271673440933228,0.6052035093307495,-0.11642514914274216,0.8302184343338013,0.603103756904602,0.6444469690322876,0.21502293646335602,0.02936897613108158,0.6029568314552307,0.7101000547409058,0.02130344696342945,0.3544207811355591,0.59343022108078,0.6585550904273987,0.2252667248249054,0.05984371900558472,0.597782552242279,0.7076705098152161,0.03844575583934784,0.37795794010162354,0.6122352480888367,0.7005870938301086,0.2365075796842575,0.06251942366361618,0.6247376799583435,0.7509464621543884,0.05821264907717705,0.4088541567325592,0
0.39714673161506653,0.5313228368759155,-0.000831298646517098,0.9993835091590881,0.38993966579437256,0.5369755625724792,0.011443943716585636,0.9995100498199463,0.38988515734672546,0.5382126569747925,0.0112516013905406,0.9994023442268372,0.38982149958610535,0.5395019054412842,0.011219259351491928,0.9997758269309998,0.38940733671188354,0.539154052734375,-0.013294527307152748,0.9997336864471436,0.3891068994998932,0.5421033501625061,-0.013503891415894032,0.9997166991233826,0.3888326585292816,0.5455519556999207,-0.013590007089078426,0.9998236894607544,0.3921942710876465,0.5579334497451782,0.06327678263187408,0.9998819231987,0.39154213666915894,0.5656005144119263,-0.048552460968494415,0.9995993375778198,0.4040003716945648,0.537006676197052,0.021164607256650925,0.9996798038482666,0.4035196602344513,0.5395715236663818,-0.012414985336363316,0.9995266199111938,0.4411250054836273,0.5562564134597778,0.13032907247543335,0.9999747276306152,0.4249820411205292,0.5770926475524902,-0.1102999895811081,0.9998929500579834,0.4643273949623108,0.49874958395957947,0.23224802315235138,0.18956409394741058,0.4304717481136322,0.5066712498664856,-0.17492589354515076,0.9772568941116333,0.45767709612846375,0.42177170515060425,0.26572003960609436,0.6332848072052002,0.4237733781337738,0.40609338879585266,-0.1905657947063446,0.9642843008041382,0.45324116945266724,0.40629005432128906,0.28134685754776,0.6708012819290161,0.4229835569858551,0.38453710079193115,-0.2184162586927414,0.9450335502624512,0.4508154094219208,0.4028553366661072,0.25371071696281433,0.6944982409477234,0.4213622808456421,0.3837253153324127,-0.20194335281848907,0.9381369948387146,0.45223134756088257,0.40766477584838867,0.2550896108150482,0.6804837584495544,0.4230295419692993,0.39105185866355896,-0.18510054051876068,0.881243109703064,0.5426133275032043,0.5525445938110352,0.06603120267391205,0.9999803304672241,0.5389854907989502,0.5816616415977478,-0.06606323271989822,0.9999731183052063,0.6283093094825745,0.5315835475921631,0.10595258325338364,0.04970544949173927,0.6271781325340271,0.6052542924880981,-0.11646214127540588,0.8387426733970642,0.6030298471450806,0.6458665728569031,0.20818573236465454,0.02919813059270382,0.6022483110427856,0.716671884059906,0.004122194834053516,0.37788620591163635,0.5933288335800171,0.6590893864631653,0.21748003363609314,0.06101800501346588,0.5972875356674194,0.7137864232063293,0.01916748844087124,0.3985288739204407,0.6123725175857544,0.7009236812591553,0.22683753073215485,0.06391052156686783,0.6251437664031982,0.7570320963859558,0.035248443484306335,0.43243199586868286,0
0.3968217074871063,0.5313120484352112,0.0005419166409410536,0.999398410320282,0.3897600471973419,0.5370436310768127,0.012463648803532124,0.9995216131210327,0.38969606161117554,0.5383455157279968,0.012272345833480358,0.9994184970855713,0.3896087110042572,0.5397935509681702,0.012234533205628395,0.9997814893722534,0.38930365443229675,0.5391761064529419,-0.012111678719520569,0.9997403621673584,0.3890361487865448,0.5421306490898132,-0.012323134578764439,0.9997248649597168,0.38877853751182556,0.5456159710884094,-0.012416567653417587,0.9998272061347961,0.39203330874443054,0.5583997964859009,0.06425660103559494,0.9998868107795715,0.39151254296302795,0.5657314658164978,-0.04738269001245499,0.9996116161346436,0.40394294261932373,0.5370065569877625,0.02249215729534626,0.9996923804283142,0.403488427400589,0.5395692586898804,-0.010927054099738598,0.9995447397232056,0.44115036725997925,0.5548679232597351,0.1312350332736969,0.999975860118866,0.42496734857559204,0.5818549990653992,-0.10860612988471985,0.9998952150344849,0.46520379185676575,0.49982383847236633,0.23031944036483765,0.19866251945495605,0.4335540235042572,0.5144655108451843,-0.18180660903453827,0.9784975647926331,0.45785409212112427,0.4224165380001068,0.2642238438129425,0.6509966254234314,0.42442581057548523,0.41446545720100403,-0.21482734382152557,0.9662032127380371,0.4535714387893677,0.40641334652900696,0.27967241406440735,0.6863199472427368,0.4239087402820587,0.39257147908210754,-0.24341776967048645,0.9478567242622375,0.4511150121688843,0.40321218967437744,0.2530808448791504,0.7092961072921753,0.4214269518852234,0.39162397384643555,-0.2259599268436432,0.9413115382194519,0.4522809386253357,0.4084099233150482,0.25398632884025574,0.6955633759498596,0.42303338646888733,0.3988930881023407,-0.2094000279903412,0.8868035078048706,0.5421127676963806,0.5482972860336304,0.0662941113114357,0.9999809861183167,0.5380618572235107,0.5817549824714661,-0.0663224309682846,0.9999739527702332,0.628178596496582,0.5320233702659607,0.10533691197633743,0.05310432240366936,0.6270691752433777,0.6053960919380188,-0.12311983853578568,0.8509166240692139,0.6030109524726868,0.6464186906814575,0.2089821994304657,0.03203953802585602,0.601738691329956,0.7306525111198425,0.00012365225120447576,0.4137997031211853,0.5933083295822144,0.6598836779594421,0.21826881170272827,0.06798116117715836,0.5936539173126221,0.735153317451477,0.015826458111405373,0.4277721345424652,0.6123552322387695,0.700792670249939,0.22980491816997528,0.07127881795167923,0.6292995810508728,0.7667220234870911,0.029195960611104965,0.46556708216667175,0
