x_0,y_0,z_0,vis_0,x_1,y_1,z_1,vis_1,x_2,y_2,z_2,vis_2,x_3,y_3,z_3,vis_3,x_4,y_4,z_4,vis_4,x_5,y_5,z_5,vis_5,x_6,y_6,z_6,vis_6,x_7,y_7,z_7,vis_7,x_8,y_8,z_8,vis_8,x_9,y_9,z_9,vis_9,x_10,y_10,z_10,vis_10,x_11,y_11,z_11,vis_11,x_12,y_12,z_12,vis_12,x_13,y_13,z_13,vis_13,x_14,y_14,z_14,vis_14,x_15,y_15,z_15,vis_15,x_16,y_16,z_16,vis_16,x_17,y_17,z_17,vis_17,x_18,y_18,z_18,vis_18,x_19,y_19,z_19,vis_19,x_20,y_20,z_20,vis_20,x_21,y_21,z_21,vis_21,x_22,y_22,z_22,vis_22,x_23,y_23,z_23,vis_23,x_24,y_24,z_24,vis_24,x_25,y_25,z_25,vis_25,x_26,y_26,z_26,vis_26,x_27,y_27,z_27,vis_27,x_28,y_28,z_28,vis_28,x_29,y_29,z_29,vis_29,x_30,y_30,z_30,vis_30,x_31,y_31,z_31,vis_31,x_32,y_32,z_32,vis_32,label
0.5686049461364746,0.36685338616371155,0.01697174832224846,0.9920380711555481,0.5743981599807739,0.37940558791160583,0.04258805885910988,0.9843669533729553,0.5748951435089111,0.3832692801952362,0.04227240011096001,0.9839101433753967,0.5755199790000916,0.3876892030239105,0.04218360036611557,0.9898993372917175,0.5701546669006348,0.37659209966659546,0.027761438861489296,0.9889442920684814,0.5676149129867554,0.3782116770744324,0.027470922097563744,0.9893775582313538,0.5657207369804382,0.379189670085907,0.027322690933942795,0.991500973701477,0.5678587555885315,0.4090743660926819,0.12743212282657623,0.9955614805221558,0.5551145672798157,0.3901934325695038,0.05723125487565994,0.9874624609947205,0.5597395896911621,0.3829406797885895,0.047853242605924606,0.9929056763648987,0.5560752153396606,0.3785271644592285,0.024980006739497185,0.9937701225280762,0.5506587028503418,0.46439310908317566,0.08192816376686096,0.9993643760681152,0.4545363783836365,0.43320053815841675,0.0565667450428009,0.9962997436523438,0.6194208860397339,0.37134313583374023,-0.013156409375369549,0.7191234230995178,0.43365010619163513,0.3237760663032532,-0.04798431694507599,0.881786048412323,0.6622456908226013,0.23226381838321686,-0.13372279703617096,0.8985298871994019,0.4380904734134674,0.24026408791542053,-0.14251933991909027,0.898127019405365,0.6661415100097656,0.18482907116413116,-0.16793669760227203,0.8989655375480652,0.4422471523284912,0.22177232801914215,-0.1765938699245453,0.8922441601753235,0.658643364906311,0.17916706204414368,-0.17086423933506012,0.8984914422035217,0.455272376537323,0.21807102859020233,-0.17765332758426666,0.8918920159339905,0.6516510844230652,0.19317452609539032,-0.14118869602680206,0.8920695781707764,0.4528624415397644,0.2241375595331192,-0.14964286983013153,0.8905052542686462,0.520376980304718,0.7394631505012512,0.006987319327890873,0.9815777540206909,0.4577276110649109,0.730204164981842,-0.007463638670742512,0.9825825691223145,0.5240722894668579,0.8451652526855469,0.10449597984552383,0.6955537796020508,0.4331061840057373,0.7846866250038147,-0.04267921298742294,0.7088630199432373,0.49901705980300903,0.986963152885437,0.22011590003967285,0.07561846077442169,0.4268645644187927,0.8291387557983398,0.03830502927303314,0.09558528661727905,0.49439185857772827,1.00162672996521,0.22720400989055634,0.3579046130180359,0.42758065462112427,0.8419854044914246,0.04463215544819832,0.33174777030944824,0.5143952369689941,1.0495637655258179,0.11951713263988495,0.26481834053993225,0.4345991015434265,0.8403974771499634,-0.053134627640247345,0.24625474214553833,0
0.57511967420578,0.3478888273239136,-0.005343314725905657,0.9739766716957092,0.581115186214447,0.36259347200393677,-0.013948522508144379,0.9669264554977417,0.5805339813232422,0.36633533239364624,-0.014273850247263908,0.9656607508659363,0.5800283551216125,0.3700858950614929,-0.014322267845273018,0.9766305685043335,0.5825433731079102,0.358455628156662,-0.01714930310845375,0.9789637923240662,0.5814050436019897,0.3593347370624542,-0.017496775835752487,0.982191801071167,0.5806745290756226,0.35980933904647827,-0.017686674371361732,0.9871551394462585,0.5567043423652649,0.3762986361980438,-0.041741907596588135,0.9866570234298706,0.5760565996170044,0.3744634985923767,-0.057785868644714355,0.9805690050125122,0.5623287558555603,0.36174413561820984,-0.007757115177810192,0.9836048483848572,0.5665298700332642,0.3525620698928833,-0.014932878315448761,0.9871794581413269,0.4767236113548279,0.3940316438674927,-0.069428950548172,0.9989938735961914,0.5359465479850769,0.4143712818622589,-0.04415130242705345,0.9964200258255005,0.4536941945552826,0.31870734691619873,-0.04001719504594803,0.6886299252510071,0.6010409593582153,0.34483620524406433,-0.09174337238073349,0.8612265586853027,0.4365987181663513,0.1869831085205078,-0.02963482402265072,0.862105131149292,0.6657480597496033,0.19270943105220795,-0.15603961050510406,0.8962681889533997,0.42841893434524536,0.1497468203306198,-0.05100330710411072,0.8704071640968323,0.6725990176200867,0.1687125414609909,-0.1937246173620224,0.8921778798103333,0.4415283203125,0.14762960374355316,-0.0520700141787529,0.8682852387428284,0.6639370918273926,0.16431497037410736,-0.19124773144721985,0.8920337557792664,0.4456167221069336,0.1566123366355896,-0.02882249280810356,0.8526374101638794,0.6600185036659241,0.16936707496643066,-0.15913358330726624,0.8848047256469727,0.46416252851486206,0.5878462791442871,-0.0023631039075553417,0.9831904172897339,0.48379164934158325,0.6106876134872437,0.0019707365427166224,0.9842438697814941,0.4262726306915283,0.6688262224197388,0.04678491875529289,0.6387764811515808,0.4730830788612366,0.7642872929573059,-0.04615068435668945,0.6962630152702332,0.4335954785346985,0.6558712124824524,0.23265154659748077,0.07537566125392914,0.4623357355594635,0.908510684967041,-0.11489006131887436,0.12456908077001572,0.43418455123901367,0.6607064604759216,0.25104957818984985,0.3378792405128479,0.47200292348861694,0.9329283833503723,-0.11164216697216034,0.3364505469799042,0.44584983587265015,0.6414870023727417,0.2342342883348465,0.24298667907714844,0.46666795015335083,0.9343653917312622,-0.17946377396583557,0.24052713811397552,0
0.571994423866272,0.3507448732852936,0.20076784491539001,0.9414136409759521,0.5799131393432617,0.3634974956512451,0.22965209186077118,0.9132052659988403,0.5805269479751587,0.36657804250717163,0.22944501042366028,0.9101138114929199,0.5812602043151855,0.3697291612625122,0.22944286465644836,0.9294852614402771,0.5768395662307739,0.35926395654678345,0.225673109292984,0.9361154437065125,0.5752431154251099,0.3597117066383362,0.225348562002182,0.9414780735969543,0.5741491317749023,0.35973790287971497,0.22520875930786133,0.953995406627655,0.5723897814750671,0.3825419247150421,0.2803443968296051,0.9468699097633362,0.5669232606887817,0.36597079038619995,0.23301362991333008,0.9361544251441956,0.5631349086761475,0.36042627692222595,0.22566728293895721,0.9558662176132202,0.5608348846435547,0.3555884063243866,0.2170153558254242,0.9572229981422424,0.5067445039749146,0.4202570617198944,0.20783738791942596,0.9990293383598328,0.49599409103393555,0.3621516227722168,0.1962158977985382,0.9965085983276367,0.5984697341918945,0.36623314023017883,0.15412405133247375,0.6450273394584656,0.4857170581817627,0.29742544889450073,0.1133555993437767,0.788076639175415,0.638689398765564,0.20222437381744385,0.060889191925525665,0.8173032999038696,0.5100752115249634,0.172875314950943,0.05194941163063049,0.8489016890525818,0.6496902108192444,0.16689236462116241,0.041674401611089706,0.8286638259887695,0.5118870735168457,0.13256724178791046,0.028164293617010117,0.8466616272926331,0.642145037651062,0.1609146147966385,0.04092857986688614,0.8246543407440186,0.5082902908325195,0.13409171998500824,0.03083803877234459,0.8433446288108826,0.6380692720413208,0.17020675539970398,0.05737584829330444,0.8113283514976501,0.5051864981651306,0.1419801115989685,0.04698409140110016,0.8385043144226074,0.488767147064209,0.540331244468689,-0.007576505653560162,0.9847933053970337,0.4695931375026703,0.502984344959259,0.0070708440616726875,0.9856769442558289,0.4752326011657715,0.7542498111724854,-0.02931113913655281,0.5901546478271484,0.34712010622024536,0.6129199862480164,-0.07387321442365646,0.6360232830047607,0.4738651216030121,0.9409599304199219,-0.0027555800043046474,0.07436346262693405,0.38309958577156067,0.7595628499984741,0.0316435880959034,0.113525390625,0.46999818086624146,0.9521512389183044,-0.0074814981780946255,0.3156685531139374,0.39981573820114136,0.7812209129333496,0.04367624595761299,0.3090203106403351,0.4600890278816223,1.0207949876785278,-0.061309777200222015,0.22236281633377075,0.363542377948761,0.8232198357582092,0.010246389545500278,0.21731944382190704,0
0.575343132019043,0.3409166634082794,0.3856191337108612,0.9412148594856262,0.5844674110412598,0.3546946942806244,0.4119749665260315,0.908811628818512,0.586085319519043,0.3593144714832306,0.4116465151309967,0.9046536087989807,0.5876606702804565,0.3639175295829773,0.41162997484207153,0.9249143004417419,0.5781004428863525,0.3477596640586853,0.40061673521995544,0.9353206157684326,0.5755232572555542,0.34704622626304626,0.4003521800041199,0.9412912726402283,0.573199450969696,0.34633126854896545,0.4002435803413391,0.9541099667549133,0.581512987613678,0.3846539855003357,0.45536842942237854,0.943616509437561,0.5621840953826904,0.3570277690887451,0.397287517786026,0.9346357583999634,0.5695371627807617,0.3514375388622284,0.39939945936203003,0.9502480626106262,0.5622135996818542,0.3437044024467468,0.38129937648773193,0.9528225660324097,0.5443915724754333,0.43410971760749817,0.31484219431877136,0.999029278755188,0.48207998275756836,0.3643377125263214,0.3194853663444519,0.9966980218887329,0.6255970001220703,0.3550718128681183,0.18410302698612213,0.6360688805580139,0.45818156003952026,0.2899355888366699,0.16320881247520447,0.75304114818573,0.6667364239692688,0.19349631667137146,0.06313835084438324,0.8076756000518799,0.4573785662651062,0.1601228266954422,0.03341894596815109,0.8394404649734497,0.6735258102416992,0.162358358502388,0.052174635231494904,0.8162723183631897,0.45662689208984375,0.13028568029403687,0.002670836169272661,0.8365392088890076,0.6662947535514832,0.15773147344589233,0.11488242447376251,0.8116424083709717,0.45924678444862366,0.1283242255449295,0.012702827341854572,0.8321502208709717,0.6617982983589172,0.16683295369148254,0.08884857594966888,0.8009960651397705,0.4604000449180603,0.13974271714687347,0.028984058648347855,0.8289340138435364,0.4869113862514496,0.5576719641685486,-0.012563707306981087,0.9862322211265564,0.43832889199256897,0.5185379385948181,0.01212374959141016,0.9869969487190247,0.483254998922348,0.7851606607437134,-0.10457028448581696,0.5871096849441528,0.28509455919265747,0.6082451939582825,-0.11137940734624863,0.6142006516456604,0.4855267107486725,0.9473689794540405,-0.021844130009412766,0.07487435638904572,0.33552733063697815,0.7829241156578064,0.012229198589920998,0.10763638466596603,0.4811193346977234,0.9615113139152527,-0.015581397339701653,0.2993713915348053,0.35912877321243286,0.7974210381507874,0.02692904695868492,0.2936534881591797,0.46630316972732544,1.0169291496276855,-0.08688242733478546,0.2058420181274414,0.3201664388179779,0.8837367296218872,-0.037023067474365234,0.19827380776405334,0
0.5820581316947937,0.34346961975097656,0.3882490396499634,0.9419315457344055,0.5896674394607544,0.35567978024482727,0.41353073716163635,0.906058132648468,0.5909337997436523,0.3599858582019806,0.41321367025375366,0.9019020199775696,0.5920864343643188,0.36403265595436096,0.4131985604763031,0.9225186705589294,0.5834293365478516,0.34706926345825195,0.4014285206794739,0.9353864789009094,0.580419659614563,0.34526580572128296,0.40119796991348267,0.9415359497070312,0.5775482058525085,0.34354332089424133,0.40113019943237305,0.9545179605484009,0.583245038986206,0.3809429705142975,0.4572296142578125,0.9417985677719116,0.5610188245773315,0.34986352920532227,0.3999966084957123,0.9333358407020569,0.5748509764671326,0.3572150766849518,0.402087926864624,0.9472616314888,0.5664535164833069,0.34603142738342285,0.3835040032863617,0.9499605298042297,0.5613577961921692,0.4290145933628082,0.3193870782852173,0.999087929725647,0.4855160117149353,0.3487870395183563,0.3274190425872803,0.9969000220298767,0.631050705909729,0.35824698209762573,0.1901702582836151,0.6211442351341248,0.4499257504940033,0.29824280738830566,0.1664566844701767,0.7012524604797363,0.6712743639945984,0.19208957254886627,0.06584417074918747,0.794805645942688,0.4438352584838867,0.16359730064868927,0.03479250147938728,0.8112140893936157,0.6803799867630005,0.16214582324028015,0.041934069246053696,0.7954927086830139,0.43898195028305054,0.12907657027244568,0.006063004024326801,0.8065852522850037,0.6735461950302124,0.15438833832740784,0.060251325368881226,0.788739800453186,0.44437605142593384,0.12602540850639343,0.014547280967235565,0.8003540635108948,0.6676985025405884,0.16235829889774323,0.0682140439748764,0.7793039083480835,0.4470866620540619,0.13907796144485474,0.029794836416840553,0.7986181974411011,0.48686498403549194,0.5584248304367065,-0.013567904010415077,0.9875679612159729,0.4317634701728821,0.5155258178710938,0.01314262580126524,0.9882305264472961,0.48343342542648315,0.7803621888160706,-0.1041364073753357,0.5710226893424988,0.2715480625629425,0.603263795375824,-0.10604574531316757,0.5797596573829651,0.48853135108947754,0.9556586146354675,-0.016451992094516754,0.07204807549715042,0.3410114645957947,0.7639093399047852,0.059210360050201416,0.09802937507629395,0.4838728904724121,0.9647755026817322,-0.009856173768639565,0.2781708836555481,0.3583899140357971,0.7826370000839233,0.07734490931034088,0.268624871969223,0.472707599401474,1.0096595287322998,-0.08694230020046234,0.1890951693058014,0.3297387361526489,0.8457714319229126,0.022777603939175606,0.1792020946741104,0
0.5855884552001953,0.3358531892299652,0.4104013442993164,0.9470086097717285,0.5926952362060547,0.3499341905117035,0.43840843439102173,0.9138381481170654,0.5934401750564575,0.35475096106529236,0.4381151795387268,0.9102067947387695,0.5943747758865356,0.35964956879615784,0.4380725026130676,0.9289454221725464,0.5874128341674805,0.34124210476875305,0.43397799134254456,0.9409153461456299,0.5845404267311096,0.3399103879928589,0.4337257444858551,0.9466082453727722,0.5816999673843384,0.3387696146965027,0.4336812496185303,0.9584578275680542,0.587039589881897,0.3758259117603302,0.4870210587978363,0.9467387199401855,0.5660839080810547,0.349685400724411,0.46644240617752075,0.938862144947052,0.5770261883735657,0.3475245237350464,0.4245162606239319,0.9513472318649292,0.5699145197868347,0.337491512298584,0.4162499010562897,0.9539203643798828,0.5714111924171448,0.42841196060180664,0.33493518829345703,0.9991509318351746,0.48359671235084534,0.3668833076953888,0.4007588326931,0.9970861077308655,0.6339706182479858,0.351791650056839,0.2145511656999588,0.65276700258255,0.4459189474582672,0.29640185832977295,0.24320895969867706,0.6759061813354492,0.6691384315490723,0.19102215766906738,0.11000055074691772,0.8113035559654236,0.43756332993507385,0.15655747056007385,0.07727257907390594,0.8034337162971497,0.6778567433357239,0.16220667958259583,0.08680204302072525,0.8100591897964478,0.4339548647403717,0.12655480206012726,0.0495186522603035,0.8004015684127808,0.6730093955993652,0.15484367311000824,0.0995757132768631,0.8036762475967407,0.4386470317840576,0.12346433848142624,0.05734497308731079,0.7944875359535217,0.6672605276107788,0.1639121174812317,0.11109497398138046,0.7952978610992432,0.4424199163913727,0.13456301391124725,0.07321705669164658,0.7950020432472229,0.48485738039016724,0.5776112079620361,-0.02102733962237835,0.988746702671051,0.4210476279258728,0.5425892472267151,0.020610341802239418,0.9893167018890381,0.48490872979164124,0.7833666205406189,-0.18366053700447083,0.6059812903404236,0.2713259160518646,0.6041098833084106,-0.13259002566337585,0.6074589490890503,0.48951417207717896,0.9517174363136292,-0.07185663282871246,0.08469557762145996,0.33976179361343384,0.7981833815574646,0.023745225742459297,0.09975451976060867,0.4866129755973816,0.9568671584129333,-0.06084022670984268,0.2718634307384491,0.35919660329818726,0.8057266473770142,0.041495181620121,0.2630196213722229,0.4798511564731598,1.056727647781372,-0.1523943543434143,0.1837334930896759,0.3374026119709015,0.9150457382202148,-0.03142803534865379,0.16952674090862274,0
0.5894848108291626,0.33858948945999146,0.2980063557624817,0.9520177841186523,0.5979093313217163,0.3507709205150604,0.32341620326042175,0.9218778014183044,0.5993310213088989,0.35593652725219727,0.3231460154056549,0.9184243679046631,0.6006293892860413,0.36122429370880127,0.32311055064201355,0.9354991912841797,0.5921381115913391,0.34120967984199524,0.32003074884414673,0.9465318918228149,0.5897604823112488,0.3396994471549988,0.3197777569293976,0.9516404867172241,0.5874793529510498,0.33856627345085144,0.31970319151878357,0.9624292850494385,0.594814658164978,0.37746280431747437,0.3858996033668518,0.9513839483261108,0.5735795497894287,0.34636035561561584,0.3724553883075714,0.9444099068641663,0.5833418369293213,0.35151293873786926,0.31902891397476196,0.9555496573448181,0.5760969519615173,0.34115636348724365,0.3122561573982239,0.9580168128013611,0.5773600339889526,0.43636471033096313,0.27344366908073425,0.9991850256919861,0.4845716953277588,0.368958443403244,0.36545631289482117,0.9972550272941589,0.6346739530563354,0.35587891936302185,0.17759329080581665,0.672785758972168,0.44368448853492737,0.30564332008361816,0.18726560473442078,0.6635963320732117,0.6703944802284241,0.1949651688337326,0.08313780277967453,0.8220301270484924,0.43458136916160583,0.166521817445755,-0.005680494010448456,0.8095105290412903,0.6757396459579468,0.1664789766073227,0.05928053334355354,0.8148508667945862,0.42998161911964417,0.12955981492996216,-0.04000779613852501,0.8029885292053223,0.6714506149291992,0.1581188589334488,0.06905491650104523,0.8085756897926331,0.4357841908931732,0.12747086584568024,-0.041591159999370575,0.7976065278053284,0.6661389470100403,0.16588182747364044,0.08325566351413727,0.8009796738624573,0.4396723806858063,0.14160162210464478,-0.015547482296824455,0.7976671457290649,0.48065847158432007,0.5852357149124146,-0.02535887621343136,0.9898274540901184,0.4150223135948181,0.5443426370620728,0.024964015930891037,0.9903275966644287,0.4820013642311096,0.7921489477157593,-0.20599427819252014,0.597339928150177,0.2629142105579376,0.5975992679595947,-0.1503334641456604,0.5916572213172913,0.4904562830924988,0.9578521847724915,-0.13156762719154358,0.08067400753498077,0.3303382098674774,0.7748774886131287,0.009374851360917091,0.09117907285690308,0.48891010880470276,0.9997512102127075,-0.12463225424289703,0.248590886592865,0.35178157687187195,0.7931656837463379,0.026173895224928856,0.24026495218276978,0.4831139147281647,1.0186113119125366,-0.20858056843280792,0.16742517054080963,0.31962889432907104,0.8628001809120178,-0.035839490592479706,0.15329277515411377,0
0.5901525020599365,0.34042656421661377,0.30585581064224243,0.955935537815094,0.5993934273719788,0.3516944646835327,0.33466285467147827,0.9280248284339905,0.600780725479126,0.35610055923461914,0.33439797163009644,0.9246485829353333,0.6020728349685669,0.36081743240356445,0.3343776762485504,0.9403441548347473,0.5950126051902771,0.3438640236854553,0.32202014327049255,0.9509819746017456,0.5934240221977234,0.34273937344551086,0.3217605948448181,0.9556461572647095,0.591920793056488,0.34181854128837585,0.3216518759727478,0.9656672477722168,0.5965539813041687,0.3790552020072937,0.3937089145183563,0.9544528126716614,0.5818156003952026,0.3527430295944214,0.39017802476882935,0.9485153555870056,0.5819553136825562,0.35178089141845703,0.32765212655067444,0.9579232335090637,0.5767010450363159,0.3424113392829895,0.32179489731788635,0.960698127746582,0.5834153294563293,0.4423660635948181,0.28135010600090027,0.9991856217384338,0.4870014786720276,0.36598098278045654,0.35496389865875244,0.9973627924919128,0.6346880197525024,0.3608452379703522,0.19458207488059998,0.6922042965888977,0.4421688914299011,0.30759045481681824,0.19130678474903107,0.6378183960914612,0.6716880202293396,0.19785787165164948,0.1098124161362648,0.8311125636100769,0.4329124987125397,0.16622647643089294,-0.0032149567268788815,0.8072348237037659,0.6777464151382446,0.1675024926662445,0.0879635214805603,0.8197344541549683,0.42764371633529663,0.13091489672660828,-0.038601525127887726,0.798908531665802,0.6731610894203186,0.15894466638565063,0.08882955461740494,0.8136408925056458,0.4351120591163635,0.12793731689453125,-0.04039110988378525,0.7940163612365723,0.6674320697784424,0.16598688066005707,0.10700555145740509,0.8067864775657654,0.4391123652458191,0.14193323254585266,-0.014013496227562428,0.7943880558013916,0.47518497705459595,0.591766893863678,-0.026159361004829407,0.9908151626586914,0.40822967886924744,0.5479223728179932,0.02578219398856163,0.9912568926811218,0.48250555992126465,0.7946527004241943,-0.1849447786808014,0.6135962009429932,0.258113831281662,0.6200917363166809,-0.15018822252750397,0.6033552885055542,0.49154525995254517,0.9753515720367432,-0.11942271888256073,0.09130224585533142,0.33554255962371826,0.8076330423355103,0.021773887798190117,0.08665711432695389,0.48939570784568787,0.9904524087905884,-0.1137816458940506,0.23724980652332306,0.3566916584968567,0.8127718567848206,0.04139742627739906,0.22506973147392273,0.4797770380973816,1.0811409950256348,-0.20599858462810516,0.15858498215675354,0.3318396508693695,0.90679532289505,-0.02204938791692257,0.14011332392692566,0
0.5861415266990662,0.34460729360580444,0.2795141935348511,0.960090696811676,0.5940226316452026,0.35396260023117065,0.30416131019592285,0.934726893901825,0.5948551893234253,0.3579486012458801,0.30388498306274414,0.9316286444664001,0.5958691835403442,0.36217090487480164,0.3038496673107147,0.9458063840866089,0.5901269912719727,0.3460986316204071,0.3052644431591034,0.9556102156639099,0.5880505442619324,0.34439364075660706,0.3049694895744324,0.9598397612571716,0.5859643220901489,0.34258008003234863,0.30480438470840454,0.9689419269561768,0.5922113656997681,0.3815215528011322,0.36187249422073364,0.9583662748336792,0.5762118101119995,0.35410720109939575,0.37816324830055237,0.9531569480895996,0.577866792678833,0.35634905099868774,0.29882732033729553,0.9612466096878052,0.5722410678863525,0.34673136472702026,0.2997724413871765,0.9639564752578735,0.5867922902107239,0.447735458612442,0.25858867168426514,0.9991915225982666,0.48795151710510254,0.3638538718223572,0.3495936691761017,0.9974718689918518,0.639157772064209,0.35606786608695984,0.1852744221687317,0.7119026780128479,0.4413447380065918,0.30773264169692993,0.16643646359443665,0.6200824975967407,0.6738647818565369,0.19691206514835358,0.1196771115064621,0.8372020125389099,0.43298768997192383,0.16016970574855804,-0.06318274885416031,0.8070621490478516,0.6782207489013672,0.16705891489982605,0.09687645733356476,0.8221061825752258,0.42758917808532715,0.12235189229249954,-0.1045541986823082,0.7971127033233643,0.6738125681877136,0.15926077961921692,0.09926629066467285,0.8164007663726807,0.4369729161262512,0.1196368858218193,-0.10685905069112778,0.7920353412628174,0.6690018773078918,0.1688833087682724,0.11686043441295624,0.8113674521446228,0.4408438205718994,0.13605648279190063,-0.07505346834659576,0.7933164834976196,0.4725104868412018,0.5892406702041626,-0.02756562829017639,0.9917067885398865,0.40451574325561523,0.5495763421058655,0.027178307995200157,0.9920952916145325,0.48086610436439514,0.7863137125968933,-0.23621992766857147,0.6268502473831177,0.25394076108932495,0.6236742734909058,-0.15611273050308228,0.6063674092292786,0.4914569854736328,0.9889639019966125,-0.2389359474182129,0.10606878250837326,0.33594009280204773,0.801805853843689,0.016338111832737923,0.0809689462184906,0.4897634983062744,1.002245545387268,-0.24088868498802185,0.2301935851573944,0.3592323958873749,0.8089993596076965,0.030204540118575096,0.2094680517911911,0.47195300459861755,1.127012014389038,-0.3459775149822235,0.152675598859787,0.32700008153915405,0.9043189883232117,-0.0359206348657608,0.1279369294643402,0
0.5892622470855713,0.3422098159790039,0.27286726236343384,0.9638194441795349,0.5981090068817139,0.35272642970085144,0.2925819754600525,0.9407454133033752,0.599101185798645,0.3567177355289459,0.29228997230529785,0.9379504323005676,0.5999792814254761,0.3608364462852478,0.292266309261322,0.950758159160614,0.5935678482055664,0.34363147616386414,0.29935136437416077,0.9597265720367432,0.5913760662078857,0.34119296073913574,0.2990448772907257,0.9635634422302246,0.5893053412437439,0.3387187719345093,0.29887187480926514,0.9718460440635681,0.5960295796394348,0.3807983696460724,0.3350197672843933,0.9619531631469727,0.5803431272506714,0.350822389125824,0.37103182077407837,0.9572371244430542,0.5807275176048279,0.35190239548683167,0.28684449195861816,0.9644259214401245,0.5746321082115173,0.3420518934726715,0.29367291927337646,0.9669502973556519,0.5896873474121094,0.44821619987487793,0.2145405113697052,0.9992318749427795,0.49247899651527405,0.36767035722732544,0.34533804655075073,0.997562825679779,0.638558566570282,0.3582364022731781,0.09531824290752411,0.7373852729797363,0.4408498704433441,0.3180581331253052,0.2193293273448944,0.6009817123413086,0.6734312176704407,0.197743222117424,-0.017769888043403625,0.8499100804328918,0.4317844808101654,0.17086856067180634,0.00604670774191618,0.7959911227226257,0.6781973242759705,0.16515180468559265,-0.04909903556108475,0.8341646790504456,0.4269959032535553,0.12858818471431732,-0.027431443333625793,0.7856817841529846,0.6752923727035522,0.15839597582817078,-0.04199684038758278,0.8288840055465698,0.434669554233551,0.11905572563409805,-0.02784818969666958,0.7805882096290588,0.6701682806015015,0.1676437109708786,-0.018383389338850975,0.8242849707603455,0.4385968744754791,0.13743115961551666,-0.0012114867568016052,0.7855022549629211,0.4679613709449768,0.5884574055671692,-0.03664783760905266,0.9925218224525452,0.39947980642318726,0.5478997826576233,0.03625723347067833,0.9928650856018066,0.4825093746185303,0.7927215695381165,-0.2173612117767334,0.6520047783851624,0.2542828321456909,0.610440731048584,-0.15066029131412506,0.6287584900856018,0.49161022901535034,0.9957319498062134,-0.22728922963142395,0.14080943167209625,0.33391979336738586,0.7947534322738647,0.011360378935933113,0.080084428191185,0.4900580048561096,1.0105900764465332,-0.23070387542247772,0.23446062207221985,0.35612812638282776,0.7999906539916992,0.027454394847154617,0.20261602103710175,0.47450217604637146,1.1336759328842163,-0.3425256609916687,0.1587565392255783,0.33188900351524353,0.872845470905304,-0.03512131795287132,0.11961982399225235,0
0.5864161252975464,0.33982670307159424,0.31821370124816895,0.9672753810882568,0.5959495306015015,0.3499183654785156,0.33293792605400085,0.9463306665420532,0.5975279808044434,0.35476747155189514,0.3326408267021179,0.943863034248352,0.5988296270370483,0.3594815135002136,0.3326186537742615,0.9553505182266235,0.5901088714599609,0.34035271406173706,0.3524981439113617,0.9635401368141174,0.5878608226776123,0.3385542035102844,0.3521720767021179,0.9670474529266357,0.5858455896377563,0.33672034740448,0.35199302434921265,0.9745395183563232,0.5959245562553406,0.38092368841171265,0.3566199541091919,0.9654222130775452,0.5794026255607605,0.3520965874195099,0.43571361899375916,0.9612250924110413,0.5793910026550293,0.35208016633987427,0.32202988862991333,0.9673988819122314,0.5724367499351501,0.3423823416233063,0.345791757106781,0.9697900414466858,0.5893846750259399,0.45053210854530334,0.2417127788066864,0.9992619156837463,0.4930214285850525,0.376373291015625,0.4050028324127197,0.9976726770401001,0.6406689882278442,0.3499339520931244,0.128274068236351,0.7605966925621033,0.4404202401638031,0.32660776376724243,0.3364899754524231,0.5788388848304749,0.6721388101577759,0.19644643366336823,0.03545452281832695,0.8614042401313782,0.4316707253456116,0.17931480705738068,0.19531400501728058,0.787125289440155,0.6782830953598022,0.1643914431333542,0.008301399648189545,0.8461431860923767,0.4262351989746094,0.13925227522850037,0.1728343665599823,0.778684675693512,0.6749469041824341,0.1597166210412979,0.017302008345723152,0.8412352204322815,0.43405503034591675,0.1305321902036667,0.1578952968120575,0.7728421092033386,0.6695055365562439,0.1682724803686142,0.03665516525506973,0.8370136022567749,0.4383757710456848,0.1462271511554718,0.18059411644935608,0.7816134691238403,0.4676017761230469,0.5851123332977295,-0.04191598296165466,0.993251621723175,0.3952202796936035,0.5538381338119507,0.041490424424409866,0.9935523867607117,0.4830947518348694,0.7969744205474854,-0.2775912582874298,0.6821034550666809,0.2550395727157593,0.6075755953788757,-0.11595629155635834,0.6516848802566528,0.49197298288345337,1.0173637866973877,-0.31486567854881287,0.19234856963157654,0.337718665599823,0.7871402502059937,0.04385590925812721,0.08110671490430832,0.48639583587646484,1.1021701097488403,-0.3202880024909973,0.259638249874115,0.3586578369140625,0.7936839461326599,0.06344234943389893,0.20072706043720245,0.4648325443267822,1.1516642570495605,-0.4467831254005432,0.17847901582717896,0.32370755076408386,0.8829566836357117,0.0026984221767634153,0.1142764464020729,0
0.5865355730056763,0.340280145406723,0.30392616987228394,0.9702160954475403,0.5967928767204285,0.35028085112571716,0.3231680691242218,0.9510192275047302,0.5992387533187866,0.35567405819892883,0.3228810429573059,0.9489085674285889,0.6011095643043518,0.360684871673584,0.3228578269481659,0.9592067003250122,0.589072585105896,0.33982786536216736,0.34111329913139343,0.9667511582374573,0.5864063501358032,0.33783769607543945,0.3407803177833557,0.9700048565864563,0.5840457677841187,0.33586379885673523,0.34058108925819397,0.976841390132904,0.598796546459198,0.3809411823749542,0.36171621084213257,0.9682661294937134,0.5772453546524048,0.35043784976005554,0.42072969675064087,0.9645342230796814,0.581926167011261,0.3549140393733978,0.3145766854286194,0.9696614742279053,0.5724483132362366,0.34367015957832336,0.33811450004577637,0.9720189571380615,0.5905147790908813,0.4484848976135254,0.2416735142469406,0.9992632269859314,0.4944009780883789,0.3798716366291046,0.3943881392478943,0.9976900815963745,0.6400411128997803,0.35359320044517517,0.1209157332777977,0.7795331478118896,0.44017282128334045,0.32614976167678833,0.35909879207611084,0.5448921918869019,0.6733304262161255,0.19332192838191986,0.01615545153617859,0.8694519400596619,0.4289909303188324,0.1739705353975296,0.2701869606971741,0.7642147541046143,0.6777222156524658,0.1619247943162918,-0.013437336310744286,0.8541655540466309,0.4257020950317383,0.13520000874996185,0.2546776235103607,0.7584670782089233,0.6729887127876282,0.15624915063381195,-0.0014610493090003729,0.8495538830757141,0.4333292841911316,0.1269935518503189,0.23724940419197083,0.7519452571868896,0.6683295965194702,0.16519871354103088,0.018364019691944122,0.8457189798355103,0.43601322174072266,0.14281409978866577,0.25585082173347473,0.7652681469917297,0.4663471281528473,0.578606903553009,-0.03843051940202713,0.9939063191413879,0.3924482464790344,0.5482606887817383,0.03800829127430916,0.9941699504852295,0.48252034187316895,0.7958090305328369,-0.26729029417037964,0.7076619267463684,0.25200673937797546,0.608430802822113,-0.11278408765792847,0.6738204956054688,0.4915354251861572,1.0096675157546997,-0.24419863522052765,0.2226421982049942,0.33799436688423157,0.7891625165939331,0.04520126059651375,0.08311529457569122,0.4871482849121094,1.0265306234359741,-0.24264292418956757,0.2676910161972046,0.3590297996997833,0.7941654920578003,0.06527306139469147,0.19698508083820343,0.45196881890296936,1.143094778060913,-0.3533537983894348,0.18264061212539673,0.3222522437572479,0.8740541338920593,0.003300171345472336,0.10924806445837021,0
0.5855897665023804,0.3435080349445343,0.24312105774879456,0.9726994633674622,0.5956436395645142,0.35322678089141846,0.2666776776313782,0.9549911618232727,0.5983341932296753,0.35841089487075806,0.26639729738235474,0.9531874060630798,0.6006177663803101,0.36343011260032654,0.2663704752922058,0.9624683260917664,0.5875152349472046,0.3422977924346924,0.27589327096939087,0.9694758057594299,0.5848166942596436,0.34006577730178833,0.2755770683288574,0.9724851250648499,0.5823662877082825,0.3378669321537018,0.27538537979125977,0.9788095951080322,0.5985442399978638,0.38092750310897827,0.32474246621131897,0.9704327583312988,0.5744889974594116,0.34945958852767944,0.3692007064819336,0.9671603441238403,0.5824264287948608,0.35900038480758667,0.26247507333755493,0.971301794052124,0.5724452137947083,0.3467135429382324,0.2728820741176605,0.9737409949302673,0.5903815627098083,0.44717687368392944,0.22411692142486572,0.9992337822914124,0.4955805242061615,0.37634649872779846,0.36481356620788574,0.9976730346679688,0.6412262320518494,0.353728711605072,0.10604137182235718,0.7948035001754761,0.4401214122772217,0.32598161697387695,0.33349716663360596,0.5119118690490723,0.6735595464706421,0.191426083445549,-0.009510433301329613,0.8742520213127136,0.428823858499527,0.1767142117023468,0.26718154549598694,0.7431400418281555,0.6781718730926514,0.16181567311286926,-0.04013163596391678,0.857719898223877,0.4254586100578308,0.14157997071743011,0.25344741344451904,0.7381042242050171,0.6726939082145691,0.15568611025810242,-0.030477026477456093,0.8534505367279053,0.4332403540611267,0.1315104216337204,0.2317952811717987,0.7317633628845215,0.6679364442825317,0.16533833742141724,-0.008794063702225685,0.8501460552215576,0.43583449721336365,0.14608903229236603,0.2521505355834961,0.7483970522880554,0.4634858965873718,0.572860062122345,-0.03775870054960251,0.9944853186607361,0.3901565670967102,0.5372784733772278,0.037358373403549194,0.9947126507759094,0.4825284481048584,0.7981042861938477,-0.24951691925525665,0.7244532704353333,0.2524277865886688,0.618253767490387,-0.12303148210048676,0.6861048340797424,0.49160823225975037,1.0115022659301758,-0.2512119710445404,0.23492461442947388,0.3386806547641754,0.8050408363342285,0.042417414486408234,0.07887527346611023,0.4714301526546478,1.073395013809204,-0.252785325050354,0.26242026686668396,0.3592236042022705,0.8120577335357666,0.0643680989742279,0.1837707906961441,0.4557744562625885,1.1372628211975098,-0.36115002632141113,0.1786482185125351,0.3279811143875122,0.8966560363769531,0.008722378872334957,0.1008167490363121,0
0.586932897567749,0.34587806463241577,0.24500338733196259,0.9751155376434326,0.5980625152587891,0.35612866282463074,0.2684573829174042,0.9588817358016968,0.6009551286697388,0.36137381196022034,0.2681759297847748,0.9572940468788147,0.6034438610076904,0.36637818813323975,0.26814740896224976,0.9656718969345093,0.5890880227088928,0.34412792325019836,0.2769011855125427,0.9721550941467285,0.5863469839096069,0.34130752086639404,0.27658623456954956,0.974904477596283,0.5839141011238098,0.3385290801525116,0.27642011642456055,0.9807139039039612,0.6020532846450806,0.3822340667247772,0.3239906430244446,0.9726757407188416,0.575579822063446,0.34961768984794617,0.3658083379268646,0.9698336720466614,0.5846181511878967,0.36226871609687805,0.2634214758872986,0.9732873439788818,0.5744671821594238,0.34795597195625305,0.27265363931655884,0.9756894707679749,0.5932636857032776,0.44604089856147766,0.21290096640586853,0.9992496371269226,0.49761122465133667,0.37753841280937195,0.3596300482749939,0.9977676868438721,0.6424434781074524,0.3559139668941498,0.08121539652347565,0.8102173805236816,0.4404277205467224,0.32373687624931335,0.31675291061401367,0.4898401200771332,0.6726409196853638,0.19336768984794617,-0.043700315058231354,0.8801747560501099,0.42808157205581665,0.17822960019111633,0.22322149574756622,0.7329804301261902,0.678586483001709,0.1630176156759262,-0.07875578105449677,0.8624187707901001,0.42519697546958923,0.14460977911949158,0.20473916828632355,0.7273324131965637,0.6733311414718628,0.1545393019914627,-0.06636375933885574,0.8583835959434509,0.43314099311828613,0.13380275666713715,0.18285921216011047,0.7210277318954468,0.6676456332206726,0.16390417516231537,-0.04236767441034317,0.8553141355514526,0.43458646535873413,0.14800411462783813,0.20716027915477753,0.740652322769165,0.4636594355106354,0.5670363306999207,-0.03548808395862579,0.9950191378593445,0.39045247435569763,0.5317296385765076,0.03506968915462494,0.995221734046936,0.48051196336746216,0.8002220988273621,-0.22994902729988098,0.7382513880729675,0.252178430557251,0.6170839071273804,-0.11342950910329819,0.6997621655464172,0.49103909730911255,1.0073078870773315,-0.21438491344451904,0.24402591586112976,0.3375798463821411,0.8096994757652283,0.075279101729393,0.07622949033975601,0.4767686724662781,1.0248559713363647,-0.2143530547618866,0.25699272751808167,0.3579128682613373,0.8183791041374207,0.0988980382680893,0.17369230091571808,0.4600185453891754,1.116077184677124,-0.32213786244392395,0.17513509094715118,0.3287869095802307,0.9028086066246033,0.040662407875061035,0.09387892484664917,0
0.5854955315589905,0.3477441370487213,0.2828281819820404,0.9773305654525757,0.5960648059844971,0.3577742278575897,0.2974779009819031,0.9624306559562683,0.5988211631774902,0.3631131947040558,0.2971981167793274,0.9610597491264343,0.6012349724769592,0.3680567443370819,0.2972012758255005,0.9685475826263428,0.5876755714416504,0.3454321026802063,0.3154723346233368,0.9746208190917969,0.5849726796150208,0.3423304855823517,0.3151487708091736,0.9771685600280762,0.5825611352920532,0.3393186926841736,0.31498274207115173,0.9824737310409546,0.5994842648506165,0.38223910331726074,0.34060752391815186,0.9748929142951965,0.5741784572601318,0.3494698107242584,0.3976365923881531,0.9725103378295898,0.5828152894973755,0.3640143573284149,0.2875881791114807,0.9752715229988098,0.5729670524597168,0.34919998049736023,0.30983445048332214,0.9776263236999512,0.5930052995681763,0.4478128254413605,0.22378894686698914,0.9992695450782776,0.49906983971595764,0.37514182925224304,0.3702830672264099,0.9979026317596436,0.641315758228302,0.35863250494003296,0.08647526055574417,0.8252981305122375,0.4411437511444092,0.3223426043987274,0.3209843635559082,0.48041439056396484,0.6717292666435242,0.1951177567243576,-0.026226963847875595,0.886971652507782,0.427299439907074,0.1789991408586502,0.20863711833953857,0.7411912679672241,0.6782535314559937,0.16321276128292084,-0.05848301202058792,0.8690763115882874,0.42485833168029785,0.14551661908626556,0.18848156929016113,0.7363706231117249,0.6738136410713196,0.154062882065773,-0.04268229752779007,0.8652102947235107,0.43179750442504883,0.13498693704605103,0.16809041798114777,0.7302061319351196,0.6672565937042236,0.16313162446022034,-0.02277456596493721,0.8620960116386414,0.4327487349510193,0.14842937886714935,0.19276294112205505,0.7501050233840942,0.4620136320590973,0.5681349039077759,-0.03420078754425049,0.9954959154129028,0.38932615518569946,0.5255330204963684,0.03377798572182655,0.9956769943237305,0.4811130166053772,0.8020154237747192,-0.21678964793682098,0.7576629519462585,0.25014105439186096,0.6161273717880249,-0.12146005779504776,0.7223594784736633,0.48942890763282776,1.026237964630127,-0.2235908806324005,0.2773812413215637,0.3335217833518982,0.805452287197113,0.05633728578686714,0.07936523109674454,0.4626463055610657,1.0903048515319824,-0.2277493178844452,0.2729644477367401,0.35424014925956726,0.8165732622146606,0.07886151224374771,0.17392636835575104,0.46161890029907227,1.1316322088241577,-0.34427401423454285,0.1873948723077774,0.3316848874092102,0.8891977667808533,0.020221704617142677,0.09091722220182419,0
0.5845820903778076,0.3489985466003418,0.2971345782279968,0.9793437123298645,0.5949077606201172,0.3579385578632355,0.306393563747406,0.9657254219055176,0.5975295305252075,0.36308759450912476,0.3060959577560425,0.9645427465438843,0.5998616218566895,0.3679502606391907,0.30609992146492004,0.9712322354316711,0.5867806673049927,0.3462616801261902,0.32891708612442017,0.9768837094306946,0.5841356515884399,0.3433159291744232,0.3285946249961853,0.9792446494102478,0.5818213224411011,0.3403899371623993,0.32844120264053345,0.984078049659729,0.5987429618835449,0.3824843466281891,0.341122567653656,0.976996123790741,0.5737829804420471,0.3504204750061035,0.410275936126709,0.9749431610107422,0.5818450450897217,0.3650943338871002,0.2965257465839386,0.9770895838737488,0.5722161531448364,0.3508096933364868,0.32439175248146057,0.9793722033500671,0.5926686525344849,0.449109822511673,0.21162840723991394,0.999296247959137,0.5017045736312866,0.37793272733688354,0.38314950466156006,0.9980254769325256,0.6407831907272339,0.3589620888233185,0.0762321799993515,0.8397963643074036,0.44222474098205566,0.3246636688709259,0.3124658465385437,0.46507197618484497,0.6713170409202576,0.19413737952709198,-0.021670734509825706,0.8948850631713867,0.42528390884399414,0.18087533116340637,0.1779749095439911,0.7469584345817566,0.6778329014778137,0.162322536110878,-0.05287996679544449,0.8775027990341187,0.4235471189022064,0.14746706187725067,0.15402425825595856,0.7441385984420776,0.673730731010437,0.15250134468078613,-0.0359748899936676,0.8738560080528259,0.43037477135658264,0.1375339925289154,0.12310536950826645,0.73839271068573,0.6672664880752563,0.16172105073928833,-0.017042722553014755,0.8705762028694153,0.43144649267196655,0.1509433537721634,0.1551074981689453,0.7577569484710693,0.4591796398162842,0.5685621500015259,-0.037422798573970795,0.9959196448326111,0.389304518699646,0.5209245681762695,0.036977898329496384,0.9960792064666748,0.4818129539489746,0.8031332492828369,-0.19467347860336304,0.7751206159591675,0.25063323974609375,0.610048770904541,-0.10376737266778946,0.7421150803565979,0.4889289438724518,1.0252221822738647,-0.2169906198978424,0.3068028390407562,0.32820022106170654,0.7885788679122925,0.09977863729000092,0.08236829191446304,0.4559716284275055,1.0815647840499878,-0.214407280087471,0.2894798815250397,0.34011590480804443,0.8058004379272461,0.12541314959526062,0.17590874433517456,0.4607238173484802,1.125217080116272,-0.32366064190864563,0.1991816610097885,0.31650954484939575,0.8774998188018799,0.07565723359584808,0.08871113508939743,0
0.5816130638122559,0.3465697467327118,0.369477778673172,0.9809039831161499,0.5921734571456909,0.35447168350219727,0.3802964389324188,0.9682623744010925,0.595416784286499,0.3596128821372986,0.37999773025512695,0.9672892689704895,0.5984233617782593,0.36460623145103455,0.37997472286224365,0.9731495380401611,0.5839272737503052,0.34391310811042786,0.3998664617538452,0.9787067770957947,0.5814818143844604,0.34132128953933716,0.39952221512794495,0.9809864163398743,0.5793174505233765,0.3387150168418884,0.3993569016456604,0.9854574203491211,0.5978535413742065,0.3819600045681,0.3842993378639221,0.978513240814209,0.5732500553131104,0.3512592315673828,0.47250160574913025,0.9770631790161133,0.5817234516143799,0.3628128468990326,0.36812084913253784,0.9784804582595825,0.5704208612442017,0.34896835684776306,0.3919490873813629,0.9808646440505981,0.594691276550293,0.4459230601787567,0.2408236712217331,0.999327540397644,0.5030962228775024,0.3796664774417877,0.4253090023994446,0.998181164264679,0.6413390040397644,0.35633400082588196,0.12836523354053497,0.853676974773407,0.4430270791053772,0.32609128952026367,0.36171793937683105,0.4519110321998596,0.6709722876548767,0.19263426959514618,0.09118832647800446,0.8986532092094421,0.4240158498287201,0.18216392397880554,0.21981468796730042,0.7543969750404358,0.6773658990859985,0.1608888804912567,0.07179217785596848,0.8805604577064514,0.4230554699897766,0.14865614473819733,0.19872328639030457,0.7529022693634033,0.6732193231582642,0.15139193832874298,0.08852827548980713,0.8768514394760132,0.42939263582229614,0.1390984058380127,0.1763259321451187,0.7471792101860046,0.6667261719703674,0.16122262179851532,0.09730453789234161,0.8733450174331665,0.43000420928001404,0.1523219794034958,0.20200924575328827,0.7651939392089844,0.45765653252601624,0.5623380541801453,-0.03883427381515503,0.996305525302887,0.3881964683532715,0.5180014371871948,0.03835572674870491,0.9964541792869568,0.4809603691101074,0.8032397031784058,-0.195627361536026,0.7911633849143982,0.2519373893737793,0.6089038252830505,-0.10155034065246582,0.7609702348709106,0.48892778158187866,1.0194668769836426,-0.21103408932685852,0.3256809711456299,0.3308735489845276,0.7951604127883911,0.08561545610427856,0.09119737893342972,0.47344881296157837,1.0298794507980347,-0.20578844845294952,0.30794399976730347,0.3453875780105591,0.812506377696991,0.11025454103946686,0.19044490158557892,0.45729613304138184,1.107489824295044,-0.2924269735813141,0.20293420553207397,0.3213622570037842,0.8820531964302063,0.04465017467737198,0.09038795530796051,0
0.5815624594688416,0.344350665807724,0.3765089809894562,0.9823334217071533,0.5918987989425659,0.35223495960235596,0.38798344135284424,0.9705718159675598,0.5949980020523071,0.35753491520881653,0.3876957297325134,0.9697237610816956,0.5978459119796753,0.3627030551433563,0.38765427470207214,0.9748735427856445,0.583890438079834,0.3419729471206665,0.4076991677284241,0.9803944826126099,0.5814286470413208,0.33963873982429504,0.40736427903175354,0.982577383518219,0.5792624354362488,0.3373556435108185,0.4071928560733795,0.9867277145385742,0.5978490114212036,0.38159552216529846,0.3913664221763611,0.97978675365448,0.5729102492332458,0.3515503704547882,0.4830237030982971,0.978956937789917,0.5810087323188782,0.3609105050563812,0.37569788098335266,0.9796958565711975,0.5702145099639893,0.34699779748916626,0.39970850944519043,0.9822038412094116,0.5961965322494507,0.44422775506973267,0.24992182850837708,0.9993619322776794,0.5038028359413147,0.38098007440567017,0.4354679584503174,0.9983366131782532,0.6423352956771851,0.35599982738494873,0.15061093866825104,0.8635401129722595,0.4429592490196228,0.3270215690135956,0.3515598475933075,0.43212416768074036,0.6707996726036072,0.19426769018173218,0.12361548095941544,0.8951337933540344,0.423043817281723,0.18302053213119507,0.21554334461688995,0.7593675851821899,0.6769877672195435,0.16183418035507202,0.10537391901016235,0.8757230043411255,0.4230067729949951,0.1494617611169815,0.18568384647369385,0.7591716647148132,0.6728488206863403,0.15238235890865326,0.12154869735240936,0.8714816570281982,0.42950043082237244,0.14007531106472015,0.1535950005054474,0.7532022595405579,0.6663601994514465,0.16241654753684998,0.12992510199546814,0.8668928742408752,0.4300107955932617,0.15307588875293732,0.19162507355213165,0.7688502669334412,0.4575110077857971,0.5559229254722595,-0.04116770625114441,0.9966576099395752,0.3882844150066376,0.5168710947036743,0.04067717865109444,0.9967963695526123,0.47731509804725647,0.7926619052886963,-0.22376807034015656,0.8004438877105713,0.25207793712615967,0.6089445352554321,-0.09457061439752579,0.7681990265846252,0.4890044629573822,1.0034197568893433,-0.2169409990310669,0.32609695196151733,0.33133023977279663,0.8021745681762695,0.07802414149045944,0.09103865176439285,0.483172744512558,1.0068241357803345,-0.21452756226062775,0.3157930076122284,0.34714919328689575,0.8137415647506714,0.09649275243282318,0.19383442401885986,0.4581390917301178,1.0884737968444824,-0.29974621534347534,0.19758763909339905,0.31482380628585815,0.8893013596534729,0.03392268344759941,0.08724044263362885,0
0.579265296459198,0.3424571454524994,0.35178646445274353,0.9839910864830017,0.5900490880012512,0.35048919916152954,0.3661267161369324,0.9733263850212097,0.5932161211967468,0.35589247941970825,0.3658413290977478,0.9725715517997742,0.5962733030319214,0.3612712025642395,0.3658069968223572,0.9771777391433716,0.5818618535995483,0.34014245867729187,0.3831016719341278,0.9822545647621155,0.5793561935424805,0.33773073554039,0.382783979177475,0.9842489361763,0.5771825313568115,0.3354121446609497,0.38262102007865906,0.988009512424469,0.5973630547523499,0.382010817527771,0.37851667404174805,0.9816247820854187,0.5728205442428589,0.35141441226005554,0.46396487951278687,0.9809458255767822,0.579536497592926,0.35962557792663574,0.3559155762195587,0.9815012812614441,0.5679290294647217,0.3453705310821533,0.37622445821762085,0.983829915523529,0.5956570506095886,0.4449490010738373,0.23930199444293976,0.9994111061096191,0.5028364062309265,0.3814414441585541,0.4236072599887848,0.9984875917434692,0.6423889994621277,0.3562436103820801,0.14971832931041718,0.8746885061264038,0.4428641200065613,0.3283681869506836,0.3257066607475281,0.4192947447299957,0.6709303259849548,0.1945870965719223,0.10462541878223419,0.8982464671134949,0.42288723587989807,0.18387249112129211,0.08146550506353378,0.7657760381698608,0.6766587495803833,0.1631181240081787,0.08362089097499847,0.8784660696983337,0.4230840802192688,0.15001942217350006,0.04589146375656128,0.767056405544281,0.672440767288208,0.1537567377090454,0.09889240562915802,0.8741505742073059,0.43013206124305725,0.1401958465576172,0.02724493481218815,0.7608310580253601,0.6663314700126648,0.16313014924526215,0.11046440899372101,0.8689024448394775,0.4302765429019928,0.15318931639194489,0.0628826841711998,0.7740135192871094,0.4575703740119934,0.5539666414260864,-0.043795421719551086,0.9969833493232727,0.3879915177822113,0.5178020000457764,0.04330328851938248,0.9971100091934204,0.4743684232234955,0.7840192914009094,-0.26131346821784973,0.8150361776351929,0.2525085508823395,0.6095654964447021,-0.08695085346698761,0.7814787030220032,0.4890528619289398,0.9964459538459778,-0.23859921097755432,0.3429509103298187,0.3293977379798889,0.8047346472740173,0.06929684430360794,0.09972488135099411,0.4887779653072357,0.9939373731613159,-0.23574550449848175,0.33990421891212463,0.3472696840763092,0.8156889081001282,0.08191582560539246,0.2097819745540619,0.4572720527648926,1.0725728273391724,-0.31983017921447754,0.20591990649700165,0.3130292594432831,0.8934163451194763,0.024801086634397507,0.0907716378569603,0
0.5789316892623901,0.34290462732315063,0.3086320757865906,0.9855347275733948,0.5893746614456177,0.3510402739048004,0.32747939229011536,0.9759060144424438,0.5925582647323608,0.3564753532409668,0.32721972465515137,0.9752209186553955,0.5957559943199158,0.36184990406036377,0.32715296745300293,0.9793608784675598,0.5813081860542297,0.34013956785202026,0.3466332256793976,0.9839819669723511,0.5788251161575317,0.3374742269515991,0.3463394045829773,0.9857844114303589,0.5766317248344421,0.334867000579834,0.3461768329143524,0.9891821146011353,0.5970380306243896,0.3825872540473938,0.3649252951145172,0.9833539724349976,0.5726620554924011,0.3512178063392639,0.44969114661216736,0.9827616214752197,0.5793054699897766,0.3602207601070404,0.3209174871444702,0.9831756353378296,0.5674065351486206,0.34557226300239563,0.3440917134284973,0.9853199124336243,0.5947819948196411,0.44545304775238037,0.23255810141563416,0.9994481205940247,0.50215744972229,0.38013356924057007,0.41207021474838257,0.998610258102417,0.6426818370819092,0.3667764365673065,0.10718020051717758,0.8794487714767456,0.4418897032737732,0.3351714015007019,0.26599884033203125,0.3975089192390442,0.6708126664161682,0.20471571385860443,0.014931285753846169,0.8987109065055847,0.4215170741081238,0.1882077157497406,0.008508973754942417,0.7572032809257507,0.6764974594116211,0.17146500945091248,-0.015988359227776527,0.8800040483474731,0.42176753282546997,0.1545514017343521,-0.029730236157774925,0.7650519609451294,0.6718709468841553,0.16310134530067444,1.2014878848276567e-05,0.8757545351982117,0.42916709184646606,0.14402522146701813,-0.04700157046318054,0.7581454515457153,0.6662052869796753,0.1750786006450653,0.020119156688451767,0.8698895573616028,0.42874711751937866,0.1574186086654663,-0.009563365951180458,0.7698350548744202,0.456671804189682,0.5564500689506531,-0.04410340636968613,0.9972803592681885,0.38767579197883606,0.5193567872047424,0.04357985407114029,0.9973949193954468,0.47518229484558105,0.7756839990615845,-0.30847427248954773,0.8293678164482117,0.25337594747543335,0.6108867526054382,-0.10727506875991821,0.7964802384376526,0.48923197388648987,0.9948882460594177,-0.3045772910118103,0.358626127243042,0.3298126459121704,0.8064524531364441,-9.16366116143763e-05,0.1116534173488617,0.49204573035240173,0.9929386377334595,-0.3042038083076477,0.35871633887290955,0.34828999638557434,0.8172242641448975,0.014825822785496712,0.2257906049489975,0.4529341161251068,1.0631674528121948,-0.3958275020122528,0.21546249091625214,0.31099990010261536,0.8940646052360535,-0.04549426957964897,0.09537086635828018,0
0.5783346891403198,0.34307390451431274,0.28440234065055847,0.986868679523468,0.5887309312820435,0.3515529930591583,0.30394911766052246,0.9781413078308105,0.5918933153152466,0.35706859827041626,0.30369246006011963,0.97751384973526,0.5951092839241028,0.3624550402164459,0.30363184213638306,0.9812307357788086,0.5807234048843384,0.3401253819465637,0.32167360186576843,0.9854894280433655,0.5782501101493835,0.3372567594051361,0.3213914930820465,0.9871271848678589,0.5760131478309631,0.3344354033470154,0.3212171494960785,0.9902123808860779,0.5968215465545654,0.38275620341300964,0.3464648425579071,0.9848166704177856,0.5723575353622437,0.3512195348739624,0.4320134222507477,0.9843238592147827,0.5786986351013184,0.3605495095252991,0.29762691259384155,0.9845791459083557,0.5664587616920471,0.3452471196651459,0.318763792514801,0.9865912199020386,0.5944399237632751,0.4457421600818634,0.2187434881925583,0.9994720220565796,0.5020937323570251,0.376939594745636,0.4010213315486908,0.9987167119979858,0.6430588960647583,0.3814101815223694,0.06410075724124908,0.8850025534629822,0.44080090522766113,0.3387818932533264,0.23997089266777039,0.3817252814769745,0.6705352067947388,0.21765559911727905,-0.05377249792218208,0.899814784526825,0.42104285955429077,0.1964973509311676,-0.00922471098601818,0.7595433592796326,0.6762400269508362,0.1846921443939209,-0.08919687569141388,0.8812859058380127,0.4211939871311188,0.1631997972726822,-0.04758604243397713,0.7711138129234314,0.6716229915618896,0.1777692437171936,-0.07130729407072067,0.876939594745636,0.42804259061813354,0.150986909866333,-0.06367625296115875,0.7638079524040222,0.6661114692687988,0.18997879326343536,-0.0489533506333828,0.8706277012825012,0.4269857406616211,0.16535179316997528,-0.026579419150948524,0.7735198140144348,0.4562138617038727,0.559151291847229,-0.04317665845155716,0.9975483417510986,0.3877858817577362,0.5209187865257263,0.042661283165216446,0.9976521730422974,0.47576865553855896,0.7711273431777954,-0.30491602420806885,0.8429150581359863,0.2538524866104126,0.611371636390686,-0.11308301985263824,0.8124470710754395,0.49035578966140747,0.987270176410675,-0.2706249952316284,0.37229517102241516,0.3300821781158447,0.8079789876937866,-0.004927068017423153,0.13027958571910858,0.4938178062438965,0.9897347092628479,-0.2673798203468323,0.37083500623703003,0.3488937020301819,0.8174338340759277,0.011035368777811527,0.2432004064321518,0.4719561040401459,1.0280970335006714,-0.3556995987892151,0.22141708433628082,0.31193307042121887,0.8963413834571838,-0.04936404153704643,0.10225730389356613,0
0.5777146220207214,0.34228670597076416,0.27779266238212585,0.9880879521369934,0.5879298448562622,0.3516102135181427,0.297982394695282,0.9801806807518005,0.5910253524780273,0.3572980761528015,0.2977270185947418,0.9796112179756165,0.5941718220710754,0.3627668023109436,0.29766982793807983,0.9829428195953369,0.579809308052063,0.33963677287101746,0.31551042199134827,0.9868614673614502,0.5772375464439392,0.33666637539863586,0.31522607803344727,0.988349437713623,0.5748339891433716,0.33374229073524475,0.3150523006916046,0.9911471605300903,0.5966376662254333,0.3831789791584015,0.341765820980072,0.9861615896224976,0.5711145997047424,0.35104262828826904,0.42652374505996704,0.9857546091079712,0.5781821012496948,0.36021754145622253,0.2912255823612213,0.9858652353286743,0.5656391382217407,0.3441544771194458,0.31211957335472107,0.9877493381500244,0.5943692922592163,0.44628843665122986,0.21373558044433594,0.9994909167289734,0.5018860101699829,0.37506476044654846,0.3961629271507263,0.9988147616386414,0.6432303190231323,0.3925199806690216,0.04943201690912247,0.8894029259681702,0.4385867714881897,0.34550535678863525,0.24182608723640442,0.370379239320755,0.6699866056442261,0.2288559228181839,-0.07939345389604568,0.90091472864151,0.42075735330581665,0.2076721042394638,-0.0005192707758396864,0.7641842365264893,0.6751096844673157,0.19402021169662476,-0.11634119600057602,0.8833754062652588,0.4206141531467438,0.17334139347076416,-0.038161080330610275,0.7792622447013855,0.6711515188217163,0.18965238332748413,-0.09963666647672653,0.8791700005531311,0.4267882704734802,0.16155630350112915,-0.05540001392364502,0.7718166708946228,0.6656084656715393,0.2037203013896942,-0.07538224011659622,0.8727450370788574,0.4251526892185211,0.1775791347026825,-0.018138591200113297,0.7800866961479187,0.4548419415950775,0.560840904712677,-0.04300382360816002,0.9977887272834778,0.38748517632484436,0.5212310552597046,0.04248256981372833,0.9978833794593811,0.47627466917037964,0.7678136825561523,-0.3166542649269104,0.8554052114486694,0.25434309244155884,0.6119250655174255,-0.1252347230911255,0.8278595209121704,0.49061664938926697,0.9779711961746216,-0.2861787676811218,0.38956764340400696,0.32924339175224304,0.8083799481391907,-0.030481498688459396,0.15406683087348938,0.4937554895877838,0.9823324680328369,-0.28300514817237854,0.3877679407596588,0.3488340675830841,0.8194240927696228,-0.016148407012224197,0.26602062582969666,0.4814787805080414,1.010002613067627,-0.36875051259994507,0.23208802938461304,0.31693461537361145,0.8920583724975586,-0.07959307730197906,0.11368079483509064,0
0.5773574113845825,0.3420849144458771,0.2614595890045166,0.9891857504844666,0.5873690843582153,0.3519643247127533,0.28372249007225037,0.9820160865783691,0.5903366804122925,0.3575425148010254,0.283473402261734,0.9814901351928711,0.5933040380477905,0.362886905670166,0.2834094166755676,0.9844880700111389,0.5792545080184937,0.3396497368812561,0.2993493974208832,0.988097071647644,0.5766108632087708,0.33655059337615967,0.29905712604522705,0.9894461631774902,0.5740667581558228,0.3334960639476776,0.2988904118537903,0.9919900298118591,0.5960016846656799,0.3858131468296051,0.3365326225757599,0.9873452186584473,0.5701910257339478,0.3512611389160156,0.410895973443985,0.987023115158081,0.5777556896209717,0.36036261916160583,0.2783130407333374,0.9870092272758484,0.5652083158493042,0.34349897503852844,0.29658111929893494,0.9887852072715759,0.5941235423088074,0.4479823708534241,0.2192736566066742,0.9995035529136658,0.5016162991523743,0.37310731410980225,0.38172081112861633,0.9989018440246582,0.643191397190094,0.4011012315750122,0.07737462222576141,0.8920562267303467,0.4365304410457611,0.3527384102344513,0.24875667691230774,0.3609636425971985,0.6695045232772827,0.23727793991565704,-0.007566417567431927,0.8978276252746582,0.42098602652549744,0.21548984944820404,0.02260015159845352,0.7655948996543884,0.6749295592308044,0.20351113379001617,-0.03795256465673447,0.8793348073959351,0.42098695039749146,0.17880886793136597,-0.01318543404340744,0.7822344303131104,0.6711592674255371,0.20198385417461395,-0.027525315061211586,0.8752325177192688,0.4272124171257019,0.16910099983215332,-0.03159721568226814,0.7750411033630371,0.6655640006065369,0.21434293687343597,-0.0052843112498521805,0.868915319442749,0.4252704977989197,0.18599770963191986,0.005033023189753294,0.7821473479270935,0.45447689294815063,0.5618758797645569,-0.041044414043426514,0.9980024695396423,0.38748452067375183,0.52060866355896,0.04050356522202492,0.9980891942977905,0.47648411989212036,0.767323911190033,-0.301423043012619,0.8648681044578552,0.25427472591400146,0.610926628112793,-0.12566448748111725,0.8382911086082458,0.4913365840911865,0.9795807600021362,-0.2736627459526062,0.3894554376602173,0.3287765681743622,0.8090649247169495,-0.01520516537129879,0.1563248634338379,0.4945296347141266,0.9836041927337646,-0.27055633068084717,0.38830065727233887,0.34813886880874634,0.8204010128974915,0.0009559624595567584,0.2645132839679718,0.4687821865081787,1.0313235521316528,-0.35561689734458923,0.23033659160137177,0.31621772050857544,0.8931267857551575,-0.0595853216946125,0.11175143718719482,0
0.5773508548736572,0.34189483523368835,0.2921198904514313,0.9901840686798096,0.5873088836669922,0.3520815670490265,0.3118050694465637,0.983668863773346,0.590140163898468,0.35778990387916565,0.31157344579696655,0.9832008481025696,0.5929074883460999,0.36345112323760986,0.3114772439002991,0.9858854413032532,0.5792267322540283,0.3399796187877655,0.3294719457626343,0.9892090559005737,0.5765202641487122,0.33692479133605957,0.3292114734649658,0.9904424548149109,0.5738240480422974,0.3339140713214874,0.32909128069877625,0.9927533268928528,0.5956050157546997,0.3876364529132843,0.3479645848274231,0.9884704947471619,0.5698206424713135,0.35152527689933777,0.4289003908634186,0.9882150888442993,0.5776316523551941,0.3598737418651581,0.30199262499809265,0.9881231784820557,0.565079391002655,0.34246987104415894,0.3231741786003113,0.9897781014442444,0.5939685106277466,0.44803428649902344,0.2303798645734787,0.9995322227478027,0.5012814998626709,0.37345483899116516,0.39753589034080505,0.9989908337593079,0.6432188749313354,0.4114425778388977,0.12988996505737305,0.8986144661903381,0.4343382716178894,0.35854920744895935,0.3213370740413666,0.35185620188713074,0.6673648357391357,0.2519896924495697,0.08665032684803009,0.8967632055282593,0.42131367325782776,0.2220563292503357,0.15911297500133514,0.7685691714286804,0.6744834780693054,0.22112363576889038,0.0657670870423317,0.8770689368247986,0.42191845178604126,0.1836092174053192,0.13606050610542297,0.7868452072143555,0.6705765128135681,0.21808941662311554,0.08205997943878174,0.872799277305603,0.4281795024871826,0.17482039332389832,0.11652205139398575,0.7796211838722229,0.663951575756073,0.22942079603672028,0.09255969524383545,0.866533100605011,0.4255332946777344,0.19373588263988495,0.142907977104187,0.7857728004455566,0.4531959593296051,0.5624946355819702,-0.04084465652704239,0.9981929659843445,0.38564515113830566,0.521098256111145,0.040314529091119766,0.9982724189758301,0.47683554887771606,0.7690130472183228,-0.31541258096694946,0.8760405778884888,0.25306496024131775,0.6108520030975342,-0.1250338852405548,0.8483635187149048,0.4918133318424225,0.9818087220191956,-0.29168134927749634,0.40203341841697693,0.3289439082145691,0.8090015649795532,-0.01623481512069702,0.16243666410446167,0.49433112144470215,0.9869441390037537,-0.2880774438381195,0.4031972587108612,0.34917864203453064,0.8202148675918579,-0.000643146806396544,0.27032670378685,0.4774830937385559,1.0242388248443604,-0.37055638432502747,0.2371225208044052,0.32189494371414185,0.8991943597793579,-0.061657823622226715,0.11377901583909988,0
0.5780014395713806,0.3418044149875641,0.29292523860931396,0.9910831451416016,0.5872944593429565,0.35231754183769226,0.312936007976532,0.9851635098457336,0.5900613069534302,0.3578818142414093,0.3126952648162842,0.9847424030303955,0.5926430225372314,0.3638056814670563,0.31261521577835083,0.9871571063995361,0.5792537927627563,0.3400537967681885,0.3296646475791931,0.9902082085609436,0.5765186548233032,0.3369491994380951,0.3294004499912262,0.9913312792778015,0.5737676620483398,0.33390629291534424,0.3292748034000397,0.993434727191925,0.5950495004653931,0.389054536819458,0.3496377468109131,0.9894777536392212,0.5688304305076599,0.35161319375038147,0.4285184442996979,0.9892529845237732,0.5777863264083862,0.35991376638412476,0.3037221133708954,0.9891143441200256,0.5656001567840576,0.34209105372428894,0.3235371708869934,0.9906477928161621,0.593741774559021,0.4496219754219055,0.2332061529159546,0.9995524287223816,0.5007355809211731,0.3735370635986328,0.39685511589050293,0.9990584254264832,0.6433398127555847,0.42145800590515137,0.11455712467432022,0.903728187084198,0.4317528307437897,0.3658216595649719,0.30769890546798706,0.3474586308002472,0.6648858785629272,0.2638208270072937,0.015555215068161488,0.9004085659980774,0.42127808928489685,0.22773712873458862,0.1350024789571762,0.7730267643928528,0.6722918152809143,0.23182067275047302,-0.014733510091900826,0.8809292912483215,0.42204993963241577,0.1907268762588501,0.1085738092660904,0.792431116104126,0.6695461273193359,0.2293095737695694,0.004353729542344809,0.8768486976623535,0.4276237487792969,0.18282455205917358,0.08914748579263687,0.7855329513549805,0.6620294451713562,0.24163420498371124,0.021194446831941605,0.8706242442131042,0.42467451095581055,0.2012518346309662,0.11843626201152802,0.7913585305213928,0.45306259393692017,0.5629609227180481,-0.03802076727151871,0.9983640313148499,0.38519424200057983,0.5208917260169983,0.03752293437719345,0.998436450958252,0.4788106083869934,0.7698879837989807,-0.2988746762275696,0.8849344253540039,0.25256550312042236,0.6112487316131592,-0.1266840100288391,0.8589446544647217,0.4931490421295166,0.9822190999984741,-0.27664920687675476,0.4073173999786377,0.32899579405784607,0.8080665469169617,-0.00863516516983509,0.16811485588550568,0.4754466414451599,1.0041120052337646,-0.2738485336303711,0.40543484687805176,0.3493168354034424,0.8186050653457642,0.007887125946581364,0.2726456820964813,0.47596055269241333,1.0334316492080688,-0.3604309856891632,0.23918408155441284,0.3319569528102875,0.8973810076713562,-0.052744217216968536,0.11433373391628265,0
0.5788453221321106,0.3419254422187805,0.31229665875434875,0.9918859004974365,0.5872968435287476,0.35260388255119324,0.3360844850540161,0.9865005612373352,0.5900494456291199,0.35846376419067383,0.33583706617355347,0.9861151576042175,0.592578113079071,0.3647529184818268,0.3357934057712555,0.9882933497428894,0.5793163180351257,0.3401734530925751,0.3480406403541565,0.9911054968833923,0.5765203237533569,0.3371403217315674,0.3477632403373718,0.9921256303787231,0.5737252235412598,0.3341147005558014,0.3476375341415405,0.9940458536148071,0.5948485732078552,0.3899810016155243,0.3856344223022461,0.9903590083122253,0.5680903196334839,0.3511379063129425,0.4415663182735443,0.9901653528213501,0.5782609581947327,0.3599507510662079,0.3273865580558777,0.9899895191192627,0.5664932727813721,0.34215328097343445,0.34095025062561035,0.9914153218269348,0.5936241149902344,0.4526307284832001,0.26900118589401245,0.999575138092041,0.5005496740341187,0.36824095249176025,0.39609000086784363,0.9991258978843689,0.6434892416000366,0.43012988567352295,0.13815335929393768,0.9062897562980652,0.43127861618995667,0.36596551537513733,0.2908588945865631,0.34871575236320496,0.663116455078125,0.27211347222328186,0.026951542124152184,0.9007017612457275,0.4210495352745056,0.23719722032546997,0.09789714217185974,0.7745088338851929,0.6711708307266235,0.24051561951637268,-0.004756844136863947,0.8821234703063965,0.4220803678035736,0.2016288787126541,0.06425018608570099,0.7954463958740234,0.6690497398376465,0.23949500918388367,0.011931391432881355,0.8784875273704529,0.4262728691101074,0.19355261325836182,0.0470103994011879,0.789023220539093,0.6610023975372314,0.25264865159988403,0.03094816580414772,0.8724443912506104,0.42308902740478516,0.2112414687871933,0.08182083815336227,0.794646680355072,0.4533095955848694,0.5632753372192383,-0.030884813517332077,0.9985203742980957,0.38534292578697205,0.5189036726951599,0.030388448387384415,0.9985864162445068,0.47966521978378296,0.770605206489563,-0.2677731215953827,0.8933124542236328,0.2519450783729553,0.6113117337226868,-0.13379482924938202,0.869466245174408,0.4934312701225281,0.9823826551437378,-0.2654349207878113,0.4212580621242523,0.32930517196655273,0.8102596998214722,-0.006369979586452246,0.17543306946754456,0.46809348464012146,1.0187183618545532,-0.26528850197792053,0.41766127943992615,0.3490528166294098,0.8190938234329224,0.01110756490379572,0.2791579067707062,0.47466835379600525,1.0463680028915405,-0.35408127307891846,0.24894732236862183,0.3349722623825073,0.8978424668312073,-0.04960526525974274,0.11512082815170288,0
0.5801507234573364,0.3420476019382477,0.3264910876750946,0.9926133155822754,0.5875061750411987,0.3527526259422302,0.34982502460479736,0.9876914620399475,0.59007728099823,0.35860732197761536,0.3495756983757019,0.9873569011688232,0.5925490260124207,0.36480775475502014,0.3495315909385681,0.9893143177032471,0.5798768401145935,0.34032711386680603,0.36243680119514465,0.9919021725654602,0.5770238041877747,0.3372698426246643,0.3621620237827301,0.9928390383720398,0.5741060376167297,0.3341831862926483,0.3620423674583435,0.9945923686027527,0.5947800874710083,0.390389084815979,0.3943295180797577,0.9911736249923706,0.5680732727050781,0.3510131537914276,0.4540177285671234,0.990990936756134,0.579072117805481,0.3600464165210724,0.3397466540336609,0.9908084273338318,0.5681224465370178,0.3421154320240021,0.3543018698692322,0.9921213388442993,0.5932260751724243,0.45536279678344727,0.28114500641822815,0.9995996952056885,0.500515341758728,0.3681637644767761,0.40431785583496094,0.9991875886917114,0.6446207761764526,0.4487037658691406,0.16541951894760132,0.9116658568382263,0.43117755651474,0.36524292826652527,0.3203151822090149,0.34497103095054626,0.6625496745109558,0.28227999806404114,0.08045117557048798,0.9011887311935425,0.42230668663978577,0.24586910009384155,0.16164949536323547,0.7698470950126648,0.6686762571334839,0.24907353520393372,0.053916096687316895,0.8828250765800476,0.4232894480228424,0.20913554728031158,0.13423742353916168,0.7931650280952454,0.6673679947853088,0.24837888777256012,0.07150491327047348,0.879468560218811,0.42627352476119995,0.20131850242614746,0.11731971800327301,0.7867510914802551,0.6600327491760254,0.26183345913887024,0.0857086032629013,0.8735910058021545,0.42331361770629883,0.2188657522201538,0.14655806124210358,0.7927600145339966,0.45347365736961365,0.5622286796569824,-0.029495513066649437,0.9986565709114075,0.3854822516441345,0.5164186954498291,0.0290068332105875,0.9987167716026306,0.4797375798225403,0.7668148279190063,-0.27647337317466736,0.9012930393218994,0.2514359951019287,0.6114073395729065,-0.13691496849060059,0.8784310221672058,0.4934784471988678,0.9833534359931946,-0.28104081749916077,0.4380075931549072,0.32952672243118286,0.8132663369178772,-0.014406584203243256,0.18346938490867615,0.4669361114501953,1.0178875923156738,-0.28107863664627075,0.4332682192325592,0.34892144799232483,0.8195132613182068,0.0029957126826047897,0.2872975170612335,0.4741862416267395,1.0481798648834229,-0.3755646347999573,0.26032572984695435,0.33625203371047974,0.8980879187583923,-0.06124962493777275,0.11765281111001968,0
0.5822572112083435,0.34206491708755493,0.28137198090553284,0.9932063817977905,0.5883585810661316,0.3528875410556793,0.30645790696144104,0.9886700510978699,0.5906376242637634,0.35871395468711853,0.3062044680118561,0.9883521795272827,0.5929356813430786,0.36489003896713257,0.30613502860069275,0.9901573657989502,0.5808222889900208,0.34034982323646545,0.31812286376953125,0.992559552192688,0.5777971148490906,0.3371588885784149,0.31786370277404785,0.9934115409851074,0.5747040510177612,0.3338722884654999,0.31774240732192993,0.9950486421585083,0.5952366590499878,0.39101579785346985,0.366091787815094,0.99175626039505,0.5680932998657227,0.350242018699646,0.41945815086364746,0.9914978742599487,0.5805858969688416,0.360030859708786,0.2996554970741272,0.9914096593856812,0.5702762603759766,0.3416149914264679,0.3127644658088684,0.992621660232544,0.5931525230407715,0.45815375447273254,0.2717530131340027,0.9996129870414734,0.5004115700721741,0.366970032453537,0.3828471004962921,0.9992232918739319,0.6449021100997925,0.4718147814273834,0.15257024765014648,0.9124346375465393,0.430248498916626,0.3697812259197235,0.29281455278396606,0.32817110419273376,0.6626139283180237,0.2980082035064697,0.06674866378307343,0.8964762091636658,0.42764776945114136,0.26452893018722534,0.11214784532785416,0.7545216083526611,0.6681259274482727,0.2673684358596802,0.04007427394390106,0.8753011226654053,0.42570218443870544,0.2272748500108719,0.08068269491195679,0.7802600860595703,0.6666958928108215,0.2637924551963806,0.0571744367480278,0.871604859828949,0.42728954553604126,0.21963399648666382,0.06312114745378494,0.774132251739502,0.6599293947219849,0.27611926198005676,0.07202160358428955,0.8649305105209351,0.42651352286338806,0.23769721388816833,0.0966155081987381,0.7796087861061096,0.45345965027809143,0.5617551207542419,-0.0292174331843853,0.9987772703170776,0.38561680912971497,0.5155981183052063,0.02872564271092415,0.9988308548927307,0.47978630661964417,0.7650159001350403,-0.2794319987297058,0.9004008173942566,0.2515791058540344,0.6115663051605225,-0.13511310517787933,0.8725050091743469,0.49348682165145874,0.9836301803588867,-0.2874943017959595,0.42004257440567017,0.32969069480895996,0.8146277666091919,-0.006151530425995588,0.1719633787870407,0.48230457305908203,0.999302327632904,-0.2880104184150696,0.4165911078453064,0.3488803207874298,0.8197487592697144,0.012255808338522911,0.27029338479042053,0.47260022163391113,1.0496329069137573,-0.3801330327987671,0.24836465716362,0.3353937268257141,0.8974766135215759,-0.04887884110212326,0.10945851355791092,0
0.5854083299636841,0.3421226739883423,0.2861713767051697,0.9937837719917297,0.5901716947555542,0.3535721004009247,0.31040191650390625,0.98963463306427,0.5921000242233276,0.3597235381603241,0.31014731526374817,0.9893491864204407,0.594119131565094,0.3661922514438629,0.31008341908454895,0.9910001158714294,0.5832864046096802,0.3405860364437103,0.3218024969100952,0.9931962490081787,0.5801883935928345,0.3372155427932739,0.32154378294944763,0.9939676523208618,0.5768741369247437,0.3339579403400421,0.3214266896247864,0.9954814910888672,0.5960293412208557,0.39211493730545044,0.3655455708503723,0.9924231171607971,0.5689083337783813,0.34931522607803345,0.41455045342445374,0.9921218752861023,0.583090603351593,0.36007651686668396,0.3024357557296753,0.992064356803894,0.5737699866294861,0.341476708650589,0.3147871792316437,0.9931632280349731,0.592771053314209,0.4636166989803314,0.2680950164794922,0.9996314644813538,0.5007916688919067,0.36488068103790283,0.38119590282440186,0.9992583990097046,0.6455357074737549,0.4871078431606293,0.18369817733764648,0.9133891463279724,0.4304911494255066,0.3707699179649353,0.3495902419090271,0.30844712257385254,0.6615123152732849,0.3053818643093109,0.1515415608882904,0.8912414312362671,0.43007388710975647,0.2740878760814667,0.2761567234992981,0.7269669771194458,0.6675061583518982,0.2755257487297058,0.1372048407793045,0.866459310054779,0.42772793769836426,0.23705945909023285,0.2643619179725647,0.7541921734809875,0.6660434007644653,0.2715728282928467,0.15794295072555542,0.862245500087738,0.4282047152519226,0.22591961920261383,0.24990232288837433,0.748441755771637,0.6595759987831116,0.2834852337837219,0.16001901030540466,0.854128360748291,0.42842015624046326,0.24455013871192932,0.26466062664985657,0.7547646164894104,0.4535338282585144,0.5617993474006653,-0.028989771381020546,0.9988788366317749,0.38554495573043823,0.5149833559989929,0.02851506695151329,0.9989234805107117,0.4797699451446533,0.7610775232315063,-0.28368720412254333,0.8993253111839294,0.2515257000923157,0.6117401123046875,-0.1337781548500061,0.8635544180870056,0.493473619222641,0.9841591715812683,-0.30071693658828735,0.40317463874816895,0.3298622965812683,0.8146666884422302,0.01580541580915451,0.16025422513484955,0.48736414313316345,0.9966850876808167,-0.3013975918292999,0.4016786217689514,0.34925854206085205,0.8192858099937439,0.0369032584130764,0.25371381640434265,0.47018128633499146,1.050580382347107,-0.3934362828731537,0.23927278816699982,0.33731383085250854,0.9029185771942139,-0.01781957969069481,0.10171648859977722,0
0.5859510898590088,0.3422646224498749,0.28672799468040466,0.994208812713623,0.5908881425857544,0.35431262850761414,0.3140124976634979,0.9903284907341003,0.5928491950035095,0.36066681146621704,0.31375187635421753,0.9901174902915955,0.5949012637138367,0.3672008812427521,0.3136681020259857,0.9916244149208069,0.5836638808250427,0.3408798575401306,0.3241773247718811,0.9936463236808777,0.5803730487823486,0.3373153805732727,0.3239554166793823,0.9943732619285583,0.5769072771072388,0.3340253233909607,0.32386475801467896,0.9957941770553589,0.5963244438171387,0.39340493083000183,0.36804893612861633,0.9929584264755249,0.5689574480056763,0.34930968284606934,0.4147603511810303,0.9924600124359131,0.5839855074882507,0.36016973853111267,0.3040074110031128,0.9924697279930115,0.5736986398696899,0.34152036905288696,0.3159312307834625,0.9934381246566772,0.5924714803695679,0.4659585654735565,0.274071604013443,0.9996493458747864,0.5007598400115967,0.3652302920818329,0.39095717668533325,0.9992828369140625,0.6457152962684631,0.496168315410614,0.2380058467388153,0.9135617017745972,0.43147844076156616,0.3750939965248108,0.38541004061698914,0.28358158469200134,0.661160409450531,0.3117493689060211,0.28477680683135986,0.878645122051239,0.43149280548095703,0.2905116379261017,0.32744067907333374,0.6765841841697693,0.6662067770957947,0.2817716896533966,0.2813756763935089,0.8498672842979431,0.4285751283168793,0.25304344296455383,0.31862252950668335,0.7072911858558655,0.665264904499054,0.2782202363014221,0.3022539019584656,0.8453160524368286,0.43174681067466736,0.244108185172081,0.3070639669895172,0.7024169564247131,0.6594570875167847,0.2899245321750641,0.29514944553375244,0.8362306952476501,0.43006619811058044,0.25704455375671387,0.3173510432243347,0.7089431881904602,0.45362424850463867,0.5612877607345581,-0.02904883399605751,0.9989679455757141,0.3851759135723114,0.5153253674507141,0.028588702902197838,0.9990023374557495,0.4778783321380615,0.7466946840286255,-0.29059621691703796,0.8901713490486145,0.25160497426986694,0.6121490001678467,-0.11724765598773956,0.8431310653686523,0.49324750900268555,0.9708504676818848,-0.2936351001262665,0.37887999415397644,0.3303840458393097,0.8147360682487488,0.030671069398522377,0.14929884672164917,0.4889759123325348,0.9871107339859009,-0.2998354434967041,0.3805903494358063,0.35044461488723755,0.8193584084510803,0.05102115124464035,0.23755380511283875,0.46059608459472656,1.043321967124939,-0.37887048721313477,0.22580675780773163,0.3383031189441681,0.9056711792945862,-0.009289881214499474,0.09455776959657669,0
