x_0,y_0,z_0,vis_0,x_1,y_1,z_1,vis_1,x_2,y_2,z_2,vis_2,x_3,y_3,z_3,vis_3,x_4,y_4,z_4,vis_4,x_5,y_5,z_5,vis_5,x_6,y_6,z_6,vis_6,x_7,y_7,z_7,vis_7,x_8,y_8,z_8,vis_8,x_9,y_9,z_9,vis_9,x_10,y_10,z_10,vis_10,x_11,y_11,z_11,vis_11,x_12,y_12,z_12,vis_12,x_13,y_13,z_13,vis_13,x_14,y_14,z_14,vis_14,x_15,y_15,z_15,vis_15,x_16,y_16,z_16,vis_16,x_17,y_17,z_17,vis_17,x_18,y_18,z_18,vis_18,x_19,y_19,z_19,vis_19,x_20,y_20,z_20,vis_20,x_21,y_21,z_21,vis_21,x_22,y_22,z_22,vis_22,x_23,y_23,z_23,vis_23,x_24,y_24,z_24,vis_24,x_25,y_25,z_25,vis_25,x_26,y_26,z_26,vis_26,x_27,y_27,z_27,vis_27,x_28,y_28,z_28,vis_28,x_29,y_29,z_29,vis_29,x_30,y_30,z_30,vis_30,x_31,y_31,z_31,vis_31,x_32,y_32,z_32,vis_32,label
0.2671995759010315,0.8616271018981934,-0.20158351957798004,0.9999593496322632,0.2527332007884979,0.8588984608650208,-0.20939016342163086,0.9998927116394043,0.25067993998527527,0.852624773979187,-0.20960302650928497,0.9998947978019714,0.24841012060642242,0.8456237316131592,-0.20956780016422272,0.999916672706604,0.2556365430355072,0.8665850162506104,-0.1741323471069336,0.9998453259468079,0.2560345530509949,0.8665381669998169,-0.17447151243686676,0.9998505711555481,0.2564246952533722,0.8668133020401001,-0.1745794117450714,0.9998762011528015,0.2425861805677414,0.8057485222816467,-0.18751764297485352,0.9999461770057678,0.2539975345134735,0.8415892124176025,-0.031003134325146675,0.9997299909591675,0.27471598982810974,0.8334254026412964,-0.18725866079330444,0.9998183846473694,0.2784174978733063,0.841714084148407,-0.14289437234401703,0.9995394945144653,0.305237740278244,0.7286186218261719,-0.22757643461227417,0.9999938011169434,0.31318071484565735,0.7407488822937012,0.15820379555225372,0.9998539090156555,0.4198780655860901,0.7181580662727356,-0.2731712758541107,0.9811697006225586,0.41754499077796936,0.710223376750946,0.18741638958454132,0.013043568469583988,0.509476363658905,0.7737416625022888,-0.24900272488594055,0.9189090132713318,0.4978771209716797,0.7414289116859436,0.08748120814561844,0.05489543452858925,0.5355973839759827,0.7774816155433655,-0.2809389531612396,0.8769268989562988,0.5227490067481995,0.7597827911376953,0.08008942008018494,0.06689448654651642,0.5349710583686829,0.7948458194732666,-0.27501800656318665,0.8712539076805115,0.5247967839241028,0.770421028137207,0.04663948714733124,0.06888584047555923,0.5283713936805725,0.791942298412323,-0.24276815354824066,0.7815923094749451,0.5195896029472351,0.7576997876167297,0.06850887835025787,0.06952956318855286,0.48774421215057373,0.6465551853179932,-0.12492810934782028,0.9999799728393555,0.4873645603656769,0.6385732293128967,0.12470691651105881,0.9999788999557495,0.6163365840911865,0.7435991764068604,-0.14019440114498138,0.9065084457397461,0.6181513667106628,0.6544961333274841,0.11070110648870468,0.30993276834487915,0.5944098830223083,0.488749235868454,-0.015044969506561756,0.6900267601013184,0.7617769241333008,0.6898105144500732,0.11904387176036835,0.5549631714820862,0.5754382014274597,0.4431852698326111,-0.005873813293874264,0.6222979426383972,0.7904659509658813,0.6648429036140442,0.11583194881677628,0.5845035910606384,0.6491739749908447,0.4553205966949463,-0.010834521614015102,0.7500145435333252,0.7844094038009644,0.8146936297416687,0.0869460254907608,0.6404291391372681,1
0.26361116972462884,0.8576989687722305,-0.22124951975098972,0.9999620051219545,0.2488416587484294,0.8538683776197762,-0.2272923131441248,0.9998997018255037,0.24688791046882497,0.8471501695698705,-0.2275156126967792,0.9999016708341139,0.24474338724695402,0.8395143089623287,-0.22748884096227842,0.9999221008399437,0.25153737489519445,0.861715043413228,-0.19101343175460553,0.9998554011871075,0.251999546227784,0.8617940175122228,-0.1913478328236218,0.9998602949339768,0.2524740295163516,0.8621923594639219,-0.19144912269608727,0.9998842457245136,0.24001898590860696,0.7983115109904059,-0.19602051120379876,0.999949652573158,0.25123644029272013,0.8375385753039656,-0.034636948643059565,0.9997472906934803,0.27176290956036797,0.8298989904337916,-0.20411182374789796,0.9998300219404286,0.2754089452069381,0.8384954353858685,-0.1586292714908205,0.9995690173116224,0.30413721553210554,0.7250149661097033,-0.2324236405306849,0.9999941135274952,0.3116687258769726,0.7374663455732937,0.15845548130314926,0.9998608601504358,0.41866073834485024,0.7151237006845146,-0.2885522236084116,0.981925382696349,0.41733544140026485,0.7096593585507623,0.18696239847561408,0.012798130929726979,0.5064557441349687,0.7742550311417415,-0.27820139609534167,0.9229530897633783,0.4967000361146598,0.7389140067429378,0.07720514155667403,0.05270642748680608,0.5334004348721998,0.7787154419668789,-0.3136556014932435,0.8827757321555039,0.5215579415189808,0.7566514611244202,0.06846510426237665,0.06470828631828571,0.5332123431666144,0.7961274837625438,-0.30755005931032114,0.8774942694039181,0.5237352519199766,0.7673350757565992,0.03355659480238783,0.06661866733740116,0.526388758215411,0.7929955905881422,-0.27208428136233626,0.7915864401850207,0.517998261698361,0.7557456205631125,0.05731971382067121,0.06746563264008226,0.48793612985775386,0.6502395210594967,-0.12712488760208263,0.9999804805065023,0.48772322720494765,0.6420819122215797,0.12689999465284676,0.9999794076228964,0.6149116795638512,0.7552918832877586,-0.1517498816909461,0.9080325796686369,0.6180705695316709,0.6560174555614077,0.10528162789755854,0.3237253427505493,0.5960904955863953,0.49504754974924287,-0.018553775060793448,0.6948970844005716,0.7615442563747538,0.68926117954583,0.11131943299852569,0.5734323365934964,0.5813067164914362,0.44754345560895986,-0.00938589976907804,0.6260668244855158,0.7906390654629675,0.6632209851824004,0.10744723035343762,0.6001120908506985,0.6635850441866907,0.46865568489863957,-0.018307059232530922,0.756173288000041,0.7844268206892342,0.81379084134924,0.07225374774686222,0.6564592760184715,1
0.25987933935790225,0.8538310281161604,-0.23649914716852122,0.9999645311256935,0.24504327722664537,0.8490921978292794,-0.24063239529215055,0.9999063775457185,0.24320397397567486,0.8420681480703682,-0.24086586308890376,0.9999082109023785,0.24122811083135934,0.8340964152895171,-0.24084113641031857,0.9999272884993717,0.24749491235305524,0.857039096026585,-0.20379241067787696,0.999865013977577,0.24795811135193396,0.8572395279489714,-0.2041220798574645,0.9998695747605686,0.24843217329732303,0.8577415799272472,-0.20421729211149545,0.9998919203363615,0.23754505813121796,0.7917239460451849,-0.20226184715484752,0.9999529801566025,0.24808017806760196,0.833518200907214,-0.03738793178365148,0.999763850508065,0.2687127425752837,0.8264615905695948,-0.21703786736932293,0.9998411782856645,0.27216222162904413,0.8355738643942208,-0.170941685808116,0.9995973192412277,0.3028433682589695,0.7207923675405568,-0.23941376497005595,0.9999944259380472,0.31064891301352404,0.7355809807777405,0.15967762727161933,0.9998679777671551,0.41694372481313247,0.7112822861507021,-0.30630605693521173,0.9827532994336096,0.4177420601762574,0.7110487839271282,0.18802521043810352,0.012940740822974977,0.504208007763172,0.7746039341235983,-0.3090158022683242,0.9271599115996525,0.4966537428313288,0.7390721173122011,0.07407154322698198,0.05171703958305819,0.5314944037075701,0.7796386315904814,-0.3482145759566077,0.8889345547248577,0.5210031887580608,0.7560206158407803,0.064294358265811,0.06420056162209346,0.5314602687441069,0.7972459772537495,-0.34204421269482577,0.8840214055159996,0.523309310962414,0.7674645370450514,0.027833756252095616,0.06606138626049304,0.5246612655705419,0.7938866738615364,-0.3031823717314621,0.8022145711142441,0.5174187976738502,0.755953350971485,0.0533958430691012,0.06719986426419225,0.48784542597573377,0.6534220432413036,-0.12899270910641242,0.9999810991616085,0.48780450738709547,0.6479665143736477,0.12876300616510983,0.9999800262780025,0.6134190723813814,0.7641264097443943,-0.15923927210528274,0.9101150940204489,0.6183232541741996,0.6572593101139727,0.1007149900341856,0.3438549504197877,0.60275308017073,0.5019563251528246,-0.0030857659876346623,0.6985062340210224,0.7614234829771107,0.6889981935764181,0.10807843840327756,0.5932769939817232,0.5908620295853451,0.4533668766761648,0.008320505377547492,0.6279135058666098,0.7910173412027031,0.6622414095648403,0.10411859380787816,0.6169021684547951,0.6775932270905067,0.4841028369706252,-0.0029542533488109216,0.7611172322569222,0.7844677115308827,0.8135505215875034,0.06420319758612535,0.6731493658032911,1
0.25598814877970466,0.8500299679821935,-0.24684169374663253,0.999966913256152,0.24134840739184413,0.8445981329885023,-0.24890351346854506,0.999912703859395,0.23964014084174715,0.837422329803993,-0.24914685148617316,0.999914381010779,0.23788111990895763,0.8294468871478377,-0.24911704813611918,0.9999322089655646,0.24351545603110872,0.8525787324740969,-0.21201349435181455,0.9998741129349018,0.2439095341953738,0.8528957716349898,-0.21233846761029343,0.9998783613073414,0.2442889943205077,0.853479870434465,-0.21242819315400616,0.9998991838816939,0.235174760222435,0.7860802103733194,-0.20599036946378904,0.9999561433134407,0.24448484028207845,0.8295314517514459,-0.03915799139388676,0.9997795881896183,0.26555470145981885,0.8231230933090736,-0.22560044506500507,0.99985180024443,0.26865086370501023,0.8329823798146742,-0.17945133920373588,0.9996242646513314,0.3013347181780585,0.715882054690657,-0.24878490998827177,0.9999947383485991,0.31017596248922674,0.7352480292320251,0.16197806237072782,0.9998752803638064,0.41467150429199484,0.7065441505662327,-0.32669642978701097,0.9836614769080589,0.4188333102341356,0.7146087021663271,0.19077335914661145,0.013514514530784097,0.5028190304493082,0.7747700974859041,-0.3416254695119529,0.9315475615961798,0.4978638846298744,0.7422002451173191,0.07887402074090366,0.05206056183268284,0.529911614697555,0.7802166692141829,-0.3848205794548166,0.8954378099277102,0.5211554498508059,0.758168086923402,0.06840535651507049,0.06555780973927729,0.5297155729655562,0.798183169858209,-0.3787184778986306,0.8908671798377201,0.5235895822788107,0.7711666801880146,0.030288755251415844,0.06740398525164046,0.5232172649482201,0.7945975250211256,-0.33626042049506616,0.8135471467314095,0.5179636416764095,0.7585631896709574,0.05754452095977191,0.06893205385783623,0.48744069810571344,0.6560469948012253,-0.13049502311081723,0.9999818411366693,0.48757758017244013,0.6564910267961437,0.1302592769779008,0.9999807682530634,0.6118512400265398,0.7697851801740712,-0.16221078459558816,0.9128180310643953,0.6189464741739733,0.6581906450205836,0.09709595297944956,0.37102570615965746,0.614951189222007,0.5095433911372875,0.03346759267151355,0.7007140784428038,0.761427036647139,0.6890533730901521,0.10981904843757892,0.6146499761219683,0.6045137849347345,0.46081833695543223,0.04960301232620559,0.6276244089521211,0.7916235738787157,0.6619755481851513,0.10640782605985115,0.6350051102967098,0.6911537585587337,0.5018967266740471,0.037760045315171104,0.7647113985028761,0.7845346845429519,0.8140462780820912,0.0635323447400126,0.6905727365921284,1
0.252687099678763,0.8459260956994419,-0.23425956635639586,0.9999690734106919,0.23778228358975773,0.8398025138624783,-0.23626701585177717,0.9999184382372889,0.23609081938348966,0.8322512055265492,-0.23650053297651225,0.9999199961793834,0.2344113115606637,0.8238799325351057,-0.23646287825600854,0.999936648483934,0.24014649822794157,0.8485125611568319,-0.20041304415669936,0.9998823609845392,0.24068709591339374,0.8490839066176579,-0.20073702109271083,0.9998863339424133,0.24121090204551301,0.8498724719573711,-0.2008279839466358,0.9999057814992708,0.23279512082708292,0.7814694766340584,-0.19275996859731345,0.9999590105023878,0.24188703452718668,0.8265610563343969,-0.03252261607297536,0.9997939570196743,0.26239943504333496,0.8192982098151897,-0.21388050040294385,0.9998614603075487,0.26574609197419263,0.8299673651826793,-0.1690237737935165,0.9996487683263319,0.29871626249675093,0.711473666388413,-0.24140504927470766,0.9999950137631647,0.30957578276765757,0.7351522589551991,0.1655169103679986,0.9998820650166479,0.4111032773708475,0.703223442209178,-0.32609796215747966,0.9845776825115599,0.41879379646531467,0.7209134266294283,0.19084663329453305,0.01474179632576375,0.5005871920750059,0.774745879502132,-0.3404771315640417,0.9356602204257044,0.4982388050391756,0.7502003373770878,0.07669450471113468,0.05449268324621792,0.5272275661600048,0.7812689213917173,-0.38357364000945254,0.9016042906662514,0.52151148483671,0.7676913368290869,0.06538724436842162,0.06972261852231519,0.526764623050032,0.7999945036296187,-0.37727847900883904,0.8973554989387249,0.5238956397977369,0.7785832573627604,0.028725773931063455,0.07160662371536781,0.520338485980856,0.796221215149452,-0.3352879183045749,0.8244511608419747,0.5182832171177042,0.7668477687342413,0.05594000156069624,0.07355142872909019,0.4863328615139271,0.6570082738481718,-0.13027460975893612,0.9999824721237709,0.48736360155302905,0.6656055142139566,0.13004345678049942,0.9999813622441786,0.6117290628367457,0.7812445143173481,-0.17347224673320508,0.9170351398402247,0.6190824200367105,0.6632097034618772,0.10312107590765789,0.3933172647295327,0.6292958054049261,0.5139839669753765,0.013016240354145656,0.7125751006192175,0.7614084297213061,0.6890217230237764,0.12000905157163225,0.6331963539123535,0.6189520379592632,0.46469696534091026,0.029318397029720507,0.6394999993258509,0.7916982852179428,0.6619205269320257,0.11727642293634086,0.6510122295083671,0.7026587190299198,0.5183219498601453,0.004892787285919853,0.7752210395089512,0.7847135334179319,0.8139671169478317,0.08005413258897848,0.70628933454382,1
0.24936091283272052,0.8420745011033683,-0.23787787248348366,0.9999711225772726,0.2342529790154819,0.8354389276997797,-0.23932970751976143,0.9999238766472915,0.2325825927586391,0.8276037984880907,-0.239560362593881,0.9999253338780897,0.23095062529218607,0.818866803728301,-0.2395188130181411,0.9999408639710525,0.23675489836725697,0.8446720468586889,-0.20470993940172522,0.9998902000229934,0.23740312611234599,0.8454203071265385,-0.20503641408065268,0.9998938996216347,0.23803831225839156,0.8463593515856512,-0.20513758320232917,0.9999120461529699,0.23032460181877532,0.7769878054487295,-0.19374618602210075,0.9999617297073891,0.23911667383950333,0.8236564644451799,-0.0393752126858152,0.9998075592106787,0.25937107924757336,0.8160546833071215,-0.21702641916686088,0.9998706229801836,0.26278473282682485,0.8272265319166512,-0.17376474316777854,0.9996719853631382,0.29679820249820577,0.7066976345818619,-0.2439119322546597,0.9999952542370764,0.30886082710890933,0.7351519609319752,0.15766143901594756,0.9998880480897838,0.40951359785836317,0.6998021232670751,-0.32718590415757276,0.985444397761904,0.41877909364371463,0.7249768026943865,0.17980552027965416,0.01583271537875307,0.4992209231031352,0.7750110317920816,-0.34140179075043775,0.9395223568225729,0.4986294281893763,0.7566397107880691,0.06262773789208512,0.056455238754379335,0.5256814011212053,0.7828164470606837,-0.38437805504634465,0.9073794545798466,0.5217549780319477,0.7743328275351689,0.050082974135875716,0.07323667458419142,0.5247047070799202,0.8028103277601045,-0.37874898108942756,0.9034517633503881,0.5239085925036463,0.7854559133792746,0.014367967394405413,0.07516288628865933,0.5182321873204462,0.7990802464814022,-0.33663432248707476,0.834705163692606,0.5182176869491051,0.7746210386013163,0.042260283925409994,0.07741838025635686,0.4851622365672013,0.6578237866533214,-0.13013444635374793,0.999982998288911,0.4869207945363275,0.6730869885148674,0.12991309371487847,0.9999818164726784,0.6119884129228264,0.7909735317887931,-0.18432201136802803,0.921126824000786,0.6187318214054766,0.6769031594539511,0.1078231365516268,0.41357161772662193,0.6441061188434732,0.5223560620998514,-0.002401607663065578,0.723984025675675,0.7614059879862028,0.6890138593213312,0.13563454151153564,0.6499658823013306,0.6347738812709677,0.4723212616196994,0.012875504855965749,0.6503948898151003,0.791780660892355,0.661657413531994,0.13417757687897516,0.6651574270478611,0.7151225291449448,0.5383758483261898,-0.017799384891986847,0.7851825582570043,0.7850614786148071,0.8141428417172926,0.09821382396180053,0.7204717048283281,1
0.24595508133542948,0.8385929198100649,-0.2655229650694748,0.9999730360919031,0.23076446611305762,0.8316924222584429,-0.26557589399403536,0.9999289533187603,0.22912976299894267,0.8237166301957493,-0.26581475960797274,0.9999303324469204,0.22751186377015606,0.8146852665934069,-0.26577496734158745,0.9999448081542706,0.23328553037396793,0.8411116990549811,-0.23237982957527553,0.9998975416709637,0.23397144264188305,0.8419199421488005,-0.2327133237287916,0.999900967910372,0.23465442760237332,0.8429258815173445,-0.23283651779437886,0.9999179038508185,0.22772983692843338,0.772604685405205,-0.21557572689549676,0.9999642680431234,0.23603284975578046,0.8207647142739132,-0.06541585254258123,0.9998202118380316,0.25651701359913265,0.8136476771584873,-0.2421622594882702,0.9998791752190426,0.25969922953638536,0.8248950510189451,-0.2008090409739264,0.9996936197938591,0.29592796338015587,0.7013777514983868,-0.2612926785288186,0.9999954494936713,0.3079977734335538,0.7352648192438586,0.1340441775733027,0.9998929685559766,0.4107434215216801,0.6961341890795477,-0.3321959736018345,0.9862424505167994,0.41888488366686066,0.7257486520142391,0.1536864556115249,0.016686214904846817,0.4991091972795026,0.7756886112278906,-0.3477555575041935,0.9430610311442408,0.4991054442422143,0.7605609318305706,0.03274934796680665,0.057612595373186574,0.5257839498848751,0.7850087490575067,-0.3908946267489729,0.9126422836862761,0.5218281602037365,0.776448471792813,0.01842982135713101,0.0756414792147176,0.5239621071979917,0.8069405514618446,-0.38713292828921614,0.9090362581713446,0.523516556312298,0.7912969363146815,-0.017275794762475732,0.07761190677511282,0.517297650205678,0.8035681412137788,-0.3437703066858752,0.8440981383981376,0.5176398445819986,0.7812577712124792,0.012416649063856443,0.080030200810268,0.4839589873264576,0.658565956970741,-0.13023622385386763,0.9999833888021009,0.4861623593445482,0.6782780022456728,0.13003101893540087,0.9999820898319113,0.6126619310214602,0.7978802652194582,-0.1939724318940064,0.9249303834191684,0.6177494464249447,0.7022116554194483,0.10996927988940272,0.43139752951161614,0.6593927967137304,0.5363743531292883,-0.0065438607346330726,0.7340339216692694,0.7614274662116478,0.6890453346844377,0.15808838605880737,0.6645081639289856,0.652438081544021,0.4853687759103446,0.006418026036358087,0.6590120710175613,0.7919141773519844,0.6610920675869646,0.15871812865651885,0.676902579850164,0.7290617803047443,0.5635237262166779,-0.020880000665783882,0.7938621434672125,0.785633385181427,0.8147129519232388,0.11731230596016193,0.7326748905510738,1
0.24258036449037748,0.8360104663618679,-0.27476940997715654,0.9999747749032646,0.2274180917904295,0.8278951480470854,-0.2752049606421898,0.9999335757617293,0.2258581092645382,0.8197371137553248,-0.27544977438860924,0.9999348767872515,0.22434360405494427,0.8105146309425091,-0.2754143599806161,0.9999484029309503,0.23000657147374645,0.8382408701140305,-0.24052295191534634,0.9999042194465111,0.23070077443944997,0.8392677615428793,-0.24085062485316705,0.9999074072673403,0.23138900923317876,0.8405370321767084,-0.2409732809354519,0.9999232024982058,0.2252684754544291,0.7687674082558731,-0.225918877227553,0.999966561794281,0.2330536641951265,0.8184911690909287,-0.06858209983028214,0.9998315716611927,0.25355487650838393,0.8113995811034893,-0.25111775562681,0.9998869587635172,0.25678381734880906,0.8234587147318083,-0.20789229356009384,0.9997132975479652,0.2939060104304346,0.69901625863437,-0.2745746939346708,0.9999956447502663,0.3072399260668919,0.7364588462073227,0.13320741879528966,0.9998972251497465,0.40998195985267905,0.6942164671832117,-0.3494550657683405,0.9869400139512687,0.4188992689395773,0.7313899706149923,0.15363036712695813,0.017761026348533302,0.497913193086098,0.77623988020009,-0.3754006387858555,0.9462581605746828,0.4994394789481985,0.7656512322096989,0.01790603931094038,0.05809544232384912,0.5245267831046005,0.7859757871463381,-0.42193763317732974,0.917353015521477,0.522500923995314,0.7831619217477995,0.0009580197390811184,0.07716698482118804,0.5224424621154522,0.8091267121249232,-0.41866692797891025,0.9140410875451976,0.523504849137931,0.7964720602693229,-0.036091800136812804,0.07921786169553625,0.5153898411783678,0.8060288490920231,-0.37179314987412815,0.8524631590678774,0.5177101862841639,0.7878476484068508,-0.003422018879189574,0.08179194582947369,0.48356143462246864,0.6616278372961899,-0.1342272542673966,0.9999836046120216,0.4863822624601167,0.6865554986328914,0.13403116526274844,0.9999820487252598,0.6134883144806171,0.801077873542391,-0.20278660901661577,0.926730620449987,0.6177632993665235,0.7138856793272084,0.1268502638257783,0.4407947248425977,0.6735372296695051,0.5509395702131863,-0.016070172897186773,0.7403577463380222,0.761793354461933,0.6886060546184408,0.19910472374537896,0.6738480617260111,0.6708837295400685,0.49832139138517706,-0.0028866514692018775,0.6621705437528675,0.7918713483317145,0.658649220548827,0.20165693503001642,0.6839497870412367,0.7435335969102794,0.5862698185032812,-0.05071248910550413,0.8000770498966349,0.7860817066554365,0.8147775058088631,0.1499916654208611,0.7409767076886934,1
0.2393114941901174,0.8330281356285358,-0.28131718573899106,0.9999764356119879,0.22432235602674813,0.8233461770518072,-0.2820337805254706,0.9999379721181146,0.22291510886159435,0.8148355689542047,-0.2822880744934082,0.9999391950409988,0.22160048166225696,0.8053353593267244,-0.28225171360476264,0.9999518271150261,0.22687747817614984,0.8349268148685324,-0.24612563642962226,0.9999105745348437,0.22755188263695816,0.8363000771095013,-0.24644744498976345,0.9999135280477589,0.22821769066925707,0.8379240282650652,-0.24656618566348634,0.9999282483396859,0.22335938389959006,0.7648030108418958,-0.2334221601486206,0.9999687404468142,0.23015944145876785,0.8160604012423548,-0.07016339564117892,0.9998423621572298,0.2506516236683418,0.8090535422851299,-0.2575738162829958,0.9998943497394693,0.2539468428184246,0.8219329858648365,-0.21281306856665116,0.9997320113510921,0.29268897504642094,0.696925753149493,-0.28659722311743374,0.9999958256195332,0.3066601979321447,0.7380739450454712,0.13395180424739575,0.9999008569224127,0.4087558378433359,0.6930039792225279,-0.368680889236516,0.9876156839831122,0.41856945999737444,0.736106734851311,0.15636288605887314,0.018743116537044788,0.49667116691326274,0.777118693137991,-0.4052729771055024,0.9493382223721208,0.499526670266842,0.7704717516899109,0.013445015611319704,0.05868717539927055,0.5233807645995041,0.7869419023908418,-0.4550186960861601,0.9219033060402706,0.5230347616919155,0.7887227864101015,-0.004655135410099197,0.07902059858215266,0.5212697242868358,0.8110900151318517,-0.4517938782428873,0.9188669817201023,0.5235471088310768,0.8010673152989355,-0.04283585996720298,0.08117549712287969,0.5137713530967976,0.8081579639993864,-0.4019170331543889,0.8605617305328106,0.5177336437948818,0.7934744645809305,-0.008530298673451463,0.08393585168082139,0.4836016492596988,0.6650361295404106,-0.13833980981645913,0.9999838286432726,0.4869474830298588,0.6945062382467861,0.13814555314080468,0.9999818699113254,0.6143634422072048,0.8010957528804911,-0.20496046491738024,0.9283652819436172,0.6174074884118705,0.7243003393041676,0.15373609805929248,0.44594671294606963,0.6889812083079897,0.568035378538329,-0.018711347470124224,0.7476967902019106,0.7605716627219627,0.6872250314416557,0.2474104217414198,0.6812896009149223,0.6901589940334188,0.5140007795958683,-0.005194567689864803,0.6667567203784811,0.7892018967661364,0.6561342991631607,0.2518970935509123,0.6895568124179182,0.7576064796283327,0.6135524408570652,-0.06848084271467965,0.8067894125806874,0.7865099639728151,0.8127458979343546,0.19467082414133793,0.7480638458811003,1
0.2362177998855196,0.8291789642695723,-0.2869493231691163,0.9999779976647476,0.22162761975978984,0.8175188220780472,-0.2874135292809585,0.9999420725066086,0.22049897446714598,0.8083720289427658,-0.2876838147640228,0.9999432173268549,0.21953161112193403,0.7984247988667982,-0.28763685144227125,0.9999550293231833,0.22396689550629978,0.8307138804731697,-0.25131145633500196,0.9999165103353304,0.224579276709721,0.8326204665775957,-0.25162991624453973,0.9999192295403316,0.2251837936968639,0.8347160795639301,-0.2517435021441558,0.9999329735492838,0.2223701358869158,0.7605106070123869,-0.23837368190288544,0.9999707711154017,0.22738976571066627,0.8132354288265623,-0.07364095464862626,0.9998524373975294,0.24787111117922025,0.8065075524922075,-0.26300839309034674,0.9999012227716118,0.2512100287552538,0.820073479208453,-0.21805249617017547,0.999749467290681,0.29308407676631004,0.6947031473291332,-0.29728726785758447,0.9999959818248091,0.306364598973044,0.7401928305625916,0.13281233557339372,0.9999035514634231,0.4071347590150504,0.6926474797314611,-0.3888078609417225,0.9882740892212967,0.41766803840111044,0.7382564709104341,0.15861947628958473,0.01952162166607791,0.4955689239090887,0.7785844843963097,-0.4346694237199323,0.9522864798019672,0.49921933638638466,0.7745940089225769,0.023749909395801603,0.059601605966173365,0.5226995143397101,0.7881535476651685,-0.48664706226052906,0.9262899016511851,0.5232095163443993,0.7913805020266566,0.007200713237297939,0.08161402108340428,0.5208483996062443,0.8130633563830935,-0.48298268277069617,0.9235030371567299,0.523605178142416,0.8048028082683168,-0.031472266619575445,0.08390604344935253,0.5128451339129744,0.8101274782213671,-0.4314302236869417,0.8684108503933611,0.5175460022071312,0.7974597688378959,0.0019318415012595912,0.0869063341925884,0.4842298287769844,0.6685704301143515,-0.1418763070270933,0.9999841020025056,0.487907364450652,0.701274339495034,0.14167281471449752,0.9999815184494545,0.6152913015464256,0.7964107270898491,-0.1959195671410396,0.9301201310651056,0.6162170480037558,0.7353058991761043,0.19480137167305778,0.4455211121460487,0.7068833482676539,0.5893590388626888,-0.008463568375285337,0.7575276863986048,0.7565589444390659,0.684324533774935,0.3044684698869442,0.686526031329714,0.7106988553343148,0.5343737746107167,0.005066188951504635,0.6748913053808541,0.7820652291692537,0.6538744774358026,0.3109432833975759,0.6936424395133709,0.7708880675250086,0.649096365632682,-0.06017248666492002,0.8148516354889705,0.7869287503176722,0.8072228308381706,0.2571820668105421,0.7538555079493029,1
0.2340202552491221,0.8261698155567564,-0.28997894916041145,0.9999794281762222,0.21943556029221106,0.8126922989713735,-0.2905208530097172,0.9999458440418901,0.21840627542857466,0.8034108877182007,-0.2907892732784666,0.9999469436448196,0.21758294465212988,0.7934608849985846,-0.2907410305121849,0.9999579684487705,0.22175973807943278,0.8266109145920852,-0.2543831940354972,0.9999219857413193,0.22234514355659485,0.8286693219480843,-0.2547014705066023,0.999924503523728,0.22289692790343843,0.8309484884656709,-0.25481093751973116,0.9999373370203478,0.2213209050482717,0.7566851089740622,-0.24195421461401315,0.9999726702427042,0.2253841721806033,0.8099312843947575,-0.07667238727725785,0.9998619535873676,0.2463438911684628,0.803905920735721,-0.2661478704419629,0.9999076354092565,0.24924628282415456,0.8181848032721157,-0.2211196674355145,0.999765772244026,0.2933427866162925,0.6940896202777994,-0.30369028346291904,0.9999961709154064,0.3061533344203028,0.7410830875922894,0.1315224247759786,0.9999077916145325,0.40747951536343013,0.6927160230176203,-0.40132780013413266,0.988930685766812,0.41779462838995046,0.7415334500115494,0.15784730376868414,0.0225522656892908,0.4950059015175392,0.7802716267519983,-0.45304058954633514,0.9551557466901582,0.4991723884796274,0.7819202172345129,0.021854043777646694,0.07164161755093211,0.5227851497715917,0.7891782727734796,-0.5062905539726389,0.9306194412297216,0.525480710226914,0.7996542083806005,0.004729354818319457,0.09883508934029216,0.5208636604506394,0.8151852077451246,-0.5030960070675817,0.9280481317947651,0.5252962996219767,0.8117785905969553,-0.03484427742660045,0.10160699101357623,0.5126812293611723,0.8122147876640846,-0.45014474618023836,0.8761484890148558,0.5176295658637737,0.8047018708853886,-0.00029600866877569753,0.10406689037536751,0.4874187060471239,0.6718876875680069,-0.14543309448094202,0.9999843095910961,0.49093701510593807,0.7015212486530172,0.14522000479287114,0.999981232758226,0.6174689346346361,0.7907831093360638,-0.19157419173881926,0.9332617212986124,0.6198048776593702,0.733692769346566,0.20865533269684888,0.45699036224135037,0.7263603662622385,0.6077016119299263,-0.008636876282378515,0.7703559809717638,0.7598195055435444,0.6840127685974384,0.3136658216344899,0.6987168521716677,0.7335217142927235,0.5590043663978577,0.00469887054300514,0.6881593548018357,0.7861846479876288,0.6549741543572525,0.3195513569075486,0.7042007199649153,0.7895214783734289,0.6853934300356898,-0.06937728244169003,0.8247714515390067,0.7896566452651188,0.8043415731397169,0.264744502717051,0.7644539187694418,1
0.2321370208057864,0.8234347701072693,-0.2957878554689473,0.9999807846957239,0.21751517622635283,0.8084107390765486,-0.29659835326260536,0.999949442929235,0.216546893119812,0.7990457641667333,-0.29686451985918244,0.99995049114885,0.21581434535569158,0.7891416940195807,-0.2968168197007015,0.999960759590412,0.21984555341046433,0.8229007350987402,-0.26035993983005656,0.9999272021754034,0.220413902710224,0.8250649591972088,-0.2606796622276306,0.9999295247012171,0.22091627326504937,0.8274610063125347,-0.2607884109020233,0.9999414970134867,0.2203155052045296,0.7530572681591429,-0.24834952529134421,0.9999744830460384,0.22370703055940824,0.8068121507250029,-0.0823669721340311,0.9998710443233622,0.24507860890750227,0.8014316414964611,-0.27202090723761196,0.99991375207901,0.247529660833293,0.8164081080206509,-0.2268130450413145,0.9997813311116449,0.2938511238015931,0.6930036544799805,-0.3108654669646559,0.9999963538400058,0.30613848464242344,0.7419713776687096,0.12790542327124496,0.9999122475755626,0.40830756569730825,0.6923084587886416,-0.4107190689136242,0.9895486276725243,0.4180207098352498,0.7460608071294325,0.1560818676290841,0.025865633811416298,0.4947724208749574,0.7812966334408727,-0.46519005093081245,0.9578523656417584,0.49885128181556176,0.7894797222367649,0.015529140589180692,0.08667583917749339,0.5230426315603585,0.7896622892083793,-0.5190504522159182,0.9346608252360903,0.527340804708415,0.8085328052783834,-0.0027525452535663696,0.11929922884908216,0.5209226628829693,0.8162718374153664,-0.5168265433147036,0.9323089246092171,0.5266689534845024,0.819828606885055,-0.04395978910655811,0.12281296761899159,0.512696897161418,0.8132848061364273,-0.4627210333429534,0.883403884953466,0.5176384161258566,0.8125053315327085,-0.007350366088914973,0.12424384185980106,0.4904152935948865,0.6744956086421835,-0.14837063694822378,0.9999840732278495,0.49366262041289233,0.7015504919249436,0.14815502228408023,0.9999803551312151,0.6192115689146107,0.7849589380724676,-0.18901578259879145,0.9347980001877094,0.6232339760352825,0.7284084167973749,0.20972047026815085,0.4624726566775092,0.7445207464283911,0.6310768291868013,-0.023089127261833896,0.7820818753078066,0.7639575436197478,0.6842054560266692,0.3038278088487428,0.705868622352337,0.7560035257503904,0.5867506245086933,-0.012155731585968669,0.6998256629910963,0.7907053807686115,0.6560126645811672,0.3083652597049187,0.710827726742317,0.8060347355645279,0.7205316321603183,-0.09948632506460979,0.8338053801964069,0.7935587126633217,0.8023211750490912,0.25185371678451013,0.7717860957671856,1
0.23057073097804498,0.8209523558616638,-0.30867580607019623,0.9999820343379316,0.21597920974780774,0.8049033448613924,-0.31003440865154924,0.9999528013426682,0.21506163477897644,0.7953616627331438,-0.31030473421359883,0.9999537714596453,0.21438705869789781,0.785428577455981,-0.3102577369788597,0.9999633369774654,0.21828037654531413,0.8199969180699053,-0.2734897157241558,0.9999320445389583,0.21883892396400714,0.8223222679105299,-0.2738131284713745,0.999934171808177,0.21929559471278354,0.8248077815976637,-0.27392810583114624,0.9999453630940668,0.2194294405394587,0.7496680041839336,-0.2614004858608904,0.999976162252755,0.2224311263396822,0.8042885373378622,-0.09401295899317182,0.9998794403569452,0.24387170836843294,0.7992558972588901,-0.2847490403158911,0.9999194145202637,0.24603441511762553,0.8148858876063906,-0.2390790155221676,0.9997957410483524,0.29495572941056614,0.6902403831481934,-0.3214552864946168,0.9999965100452818,0.30651493935749446,0.7433545363360438,0.11930750901329107,0.9999165432206516,0.4093841324592459,0.6906966546486164,-0.41642190875678226,0.9900835526400599,0.41804472639642914,0.7528393741311699,0.15339479518347773,0.02887663938875856,0.4950338889812601,0.7807970889683428,-0.46833817301125363,0.9602070039716261,0.49783038270884544,0.7962430982754148,0.004564547839028573,0.10367774860612276,0.5233608998101333,0.7890507065016648,-0.5217647531936909,0.9381010511825825,0.5274585053838533,0.81644050211742,-0.015270191036036298,0.1408475416487661,0.5208990758862989,0.8150551545208898,-0.5212271192978168,0.9359906829636673,0.5266881667334458,0.8288897625331221,-0.05953321349004219,0.14553144831081916,0.5127919480718416,0.8121028398645336,-0.46638476951368923,0.8896597109991928,0.5173752102358588,0.820201995043919,-0.019706847306726304,0.1451915990689705,0.4919549699487357,0.6756548079951056,-0.1499582390333044,0.9999829016882797,0.49488861704694814,0.7037573600637501,0.14975556988140631,0.9999781682573515,0.6195039851912136,0.7790918288559749,-0.18842157772902784,0.9322927409204943,0.6243779844251173,0.7202960910468266,0.19413108609873675,0.450150930675967,0.7591886170979204,0.6665671755527628,-0.06424552163687244,0.7902015427063251,0.767042012050234,0.6844394515300619,0.27218991415254,0.6992772283225224,0.7768189331580853,0.6195178442987902,-0.06041512628696086,0.7059360619249015,0.7915228420290453,0.6555538506343447,0.27478227738676403,0.706307458466497,0.8157801484239512,0.7528530030414976,-0.16777318459132617,0.8401652389559252,0.7990667450016943,0.8010927377075985,0.2169705696147064,0.7700886911359327,1
0.2292840845625976,0.8184314966201782,-0.3094851528776103,0.9999831914901733,0.21471065488354912,0.8026327573019882,-0.31139130530686215,0.9999558822862034,0.21380920451262903,0.7929712801144041,-0.31166864160833685,0.9999567743005424,0.21313818518457742,0.7828393989595873,-0.31160605364832383,0.999965698554598,0.2169270633623518,0.8178174516250347,-0.2746895808598091,0.9999364861126604,0.2175315186895173,0.8203799539598925,-0.27501381676772546,0.9999384489552728,0.2180559285755815,0.8230645348285807,-0.27512635958605797,0.9999488900447714,0.2179853145418496,0.7476548675833077,-0.2642158516522112,0.9999776873095282,0.22132594318225465,0.8029737369767551,-0.09617483590183587,0.9998871273007887,0.24245036984312124,0.797034555468066,-0.28593552009812717,0.9999246145116871,0.2444417697602305,0.8131842674880192,-0.24006536448823995,0.9998089794454903,0.29508882041635187,0.6889345070411419,-0.31975673498778506,0.9999966662505577,0.3066488853816328,0.7455299023924202,0.11531811926899285,0.999920129776001,0.40986256661086246,0.6896025785084429,-0.4105632870361723,0.9905871851690884,0.4175495967782777,0.7569592553993751,0.1551934937978613,0.03272365406155586,0.4951254530199643,0.7778385137689525,-0.46375658491562155,0.9625479846165098,0.4970338950897085,0.805971949264921,0.005822735565618197,0.13000856596848062,0.5238072974928494,0.7878360892164296,-0.5174275883312883,0.9416023513366436,0.5274684552488655,0.8249444201074797,-0.015340677430403642,0.1706931061785797,0.5208104376135201,0.8139103363300192,-0.5181117140013596,0.9396769424964642,0.5265433644426281,0.8371659558394859,-0.061253720059477046,0.17651429669610386,0.5125904761511704,0.8110276995034054,-0.4622440944457876,0.8959261733910133,0.5168059858782538,0.8287677251059433,-0.019155422482511092,0.17380473582909026,0.49374114747705133,0.6780714392662048,-0.1484700410530485,0.9999799420093668,0.4957346186555665,0.7052671621585714,0.14827029766707583,0.9999725900847336,0.6243591781320244,0.7740310779933272,-0.14041883909496763,0.927972766859778,0.6251961814946142,0.7157342701122679,0.2045334557007099,0.4337646097972475,0.7734532623455442,0.6923066439299748,-0.029803557706804082,0.7995841605909939,0.7674604572098831,0.6882597762962868,0.30417844139296435,0.688045951826819,0.7920803489356205,0.6492783077831926,-0.028229177961575543,0.7149928828765606,0.7913279697812837,0.6580829558701351,0.30871724774097575,0.6970269474489935,0.8283008152040942,0.7821396548172523,-0.14757551021617032,0.8472988071112797,0.7995652124799532,0.8012568601246538,0.23633086064766196,0.7654549458931232,1
0.22840401530265808,0.815952313357386,-0.30909264601510145,0.9999842931484354,0.21377499709869252,0.8005365503245386,-0.3116643202715907,0.9999588070244625,0.21285313367843628,0.7907405290110358,-0.31195024991857595,0.9999596312128264,0.21215361048435344,0.7803350933666887,-0.31187244838681716,0.9999679511991041,0.21596094760401496,0.8158760543527275,-0.2747770804783394,0.9999407077657765,0.21657786903710202,0.8187402240161238,-0.27510310658093157,0.9999425246797758,0.2171279489994049,0.8216966205629809,-0.27521414695114926,0.9999522443475395,0.21670178709359006,0.7459815987225237,-0.26667658008378126,0.9999791404296612,0.22052801169198136,0.8021418698902788,-0.09774202262533123,0.9998944607274286,0.241280990427938,0.7947397951422066,-0.28614639927600993,0.9999295678632013,0.24304392214479117,0.8114892223785664,-0.24001440046162442,0.9998215971321895,0.2949744637670188,0.6877865996854059,-0.31810140198674697,0.9999968121791708,0.30654678365279886,0.7479887070326969,0.1118329360053457,0.9999235580707418,0.41018263430430973,0.6888219755271385,-0.4048696406956377,0.9910736762244126,0.41664312111920326,0.7609857464658802,0.15729715700807242,0.0382000300390967,0.4953827765481225,0.774256691850465,-0.4584671824142851,0.9648074672139925,0.49645861983299255,0.8162664524440107,0.008743826910082636,0.16125849146267465,0.524201497949403,0.7863368803057177,-0.5126307298397196,0.9449887974508877,0.527427823379122,0.8336734915601796,-0.013295012012380978,0.20435257821247496,0.5209713475457554,0.8128986296982601,-0.514235872646858,0.9432267669973702,0.5264019226205761,0.8450038618054884,-0.06054458022117615,0.21114704423937306,0.5126182724689615,0.8100669486769314,-0.45732176303863525,0.901962541300675,0.5162738520523598,0.8370790584334011,-0.01676258110794528,0.20605323540753331,0.49539781233360025,0.6808880259250772,-0.1465904183428863,0.9999769371131371,0.4965286213776161,0.7054917339620919,0.14638698512110218,0.9999668680388352,0.629759089700107,0.7684688259815348,-0.09559515067215624,0.9249538018785673,0.6258161376262533,0.7119612981533182,0.23033728578995016,0.41736852403344776,0.7846359857197466,0.7150677175357424,0.0087700791532527,0.809807471160231,0.7671869027203527,0.6928149728939451,0.3603929918387841,0.6780157068680073,0.8034955365904446,0.6782563616489542,0.009991347147472972,0.7262484986206581,0.7909834816538054,0.6636268106000177,0.36779966128283537,0.6889446603840795,0.8391816184438509,0.8076795154604418,-0.11854485910514305,0.854998514570039,0.7986956197639992,0.8011393115438264,0.2834699760223257,0.7616351699006969,1
0.22845356166362762,0.8136185284318596,-0.31435363970953845,0.9999853084827292,0.2135717837974943,0.7980051266735998,-0.31792157169046076,0.9999615015654728,0.2125530242919922,0.7879907694356195,-0.31821839665544444,0.9999622867025179,0.21177585731292592,0.7772292248133955,-0.3181386035064171,0.9999700599703295,0.21592079308526269,0.8140604023275704,-0.2806576233485649,0.9999446128976757,0.2164149469342725,0.8173501142140093,-0.28099028817538557,0.999946312657718,0.21678820252418518,0.8207001871076124,-0.28110890450148746,0.9999553684530587,0.2162846213784711,0.7442324510936079,-0.27578690134245776,0.9999805072258259,0.22046291314322372,0.8017596355799971,-0.10472554559337682,0.9999013337595709,0.24097721021750879,0.7922735090913444,-0.29224336455608235,0.9999341759188421,0.24226423327265115,0.8099465390731548,-0.24548107745318576,0.9998333515792057,0.29489265125373315,0.6859928163988837,-0.32574239784273606,0.9999969293331278,0.3059648213715389,0.7506496248574093,0.10631849925065863,0.999927072689451,0.4105058815972558,0.688532527150779,-0.4082704833869276,0.9915355361741165,0.41497250569277794,0.7667358969819957,0.15690534536180825,0.04761439754531301,0.4962310883505591,0.7707658553945607,-0.4569674165084444,0.966848953016873,0.4963351786136627,0.8259305604572954,0.007194705628629389,0.1993163351354928,0.5243538761961049,0.7844910806622999,-0.5118118236804831,0.9480080501786594,0.527326016590513,0.8425878142488414,-0.014618000529449561,0.24249570996596895,0.5218795640715237,0.8122059764533207,-0.5138427430185778,0.9463912125291496,0.5263923550474232,0.8522006684336169,-0.06337594240903854,0.24982878154721752,0.513509423568331,0.8093467252007847,-0.45603808760643005,0.9073467028552088,0.5160740655044029,0.8440291778794651,-0.018851676570444273,0.24275726747923884,0.49650778749893454,0.683885605170809,-0.14591140377110448,0.9999751407524635,0.49746075683626634,0.7026381369294792,0.14569323843923107,0.9999632753174881,0.6332773401819426,0.760900289847933,-0.09507117471818266,0.9269326493657869,0.6261242915844095,0.7077460597301352,0.2798580290942356,0.40397999409971563,0.7874904028300581,0.7367699413463987,0.002465626016130736,0.8214417182166001,0.7669663799220118,0.6967500181033693,0.4369326788803627,0.674812795787022,0.8082882659188633,0.7072887132907736,0.005042831124416714,0.7414607446769188,0.7909759447492403,0.6753809842570074,0.4468815110880753,0.6877717149668726,0.8433986141763884,0.8249942845311659,-0.13085032511374045,0.8637057090627736,0.7977359335998009,0.7991933062158781,0.3678880323623789,0.7622869754659718,1
0.2279318303897463,0.8119449779905122,-0.31489445320491133,0.9999862662677107,0.21312071280232792,0.7963015498786137,-0.31765316272604055,0.9999639946838905,0.2120499025131094,0.7864885638500082,-0.317948999076054,0.9999647407696165,0.2111780427653214,0.7759619416861698,-0.3178653007951276,0.9999720248682745,0.21568298545377007,0.81275573064541,-0.2816257281550046,0.9999482302830137,0.21618370660420122,0.8162444418874281,-0.2819684702774574,0.9999498128890991,0.21658025836122446,0.8198918248045033,-0.2820869941135933,0.9999582911359852,0.2155344034063405,0.7436018318965517,-0.27419953921745566,0.9999817589233662,0.2202081824171132,0.8013769408752178,-0.10835170643082981,0.9999077176225597,0.24026166467831053,0.790578700345138,-0.2923055075365922,0.999938467453266,0.2414025941799427,0.8085613106859142,-0.24713337164500665,0.9998442715611952,0.2942570560965045,0.6852191522203642,-0.3212453661293819,0.9999970464870848,0.30579315691158687,0.7536342000139171,0.0980336386068114,0.9999307599560968,0.4107846864338579,0.6880341747711445,-0.40299614133505984,0.9919707507922731,0.4144938660079035,0.7724122117305624,0.1530042773690717,0.06765077288808492,0.4967518726299549,0.7676718789955665,-0.4462064987626569,0.9688360834943837,0.4963470070526518,0.8329886629663664,0.006194080097665047,0.2447336280140383,0.5255215394085851,0.7817669921907885,-0.49980518735688306,0.9510127717051012,0.5275293362551722,0.8491325152331385,-0.015172240388547552,0.28610554440268154,0.5224201843656343,0.811709595137629,-0.5022115563524181,0.9495251281508084,0.5270840833927023,0.8582658829360172,-0.06464721827671445,0.2934576016047905,0.5139383961414469,0.8087973656325504,-0.44538777244502104,0.9127180021384667,0.5165402108225329,0.8497159172748697,-0.019838944591324903,0.2855573183503644,0.4974573727311759,0.6871265892324776,-0.14281508788980288,0.9999720207576094,0.4982874187929877,0.7033841918254721,0.14256796857406354,0.9999583301873043,0.63426765080156,0.7554020038966475,-0.10038815181830833,0.9284774023911049,0.6266435939690163,0.7047612831510347,0.2735511629745878,0.39190032256060636,0.7871858806445681,0.74703147699093,-0.01052946210557851,0.8320372577371269,0.7667859977689283,0.7005388880598133,0.42577606234057197,0.6709569014351944,0.8095051399592695,0.7217698076675678,-0.010456320797574921,0.7554210917703037,0.7914209180864794,0.6848943027956732,0.4352427977940132,0.6840853896634332,0.8432459194084694,0.8276265263557434,-0.14725284535309363,0.8717319800935942,0.7970630732075922,0.7977840057734785,0.35731358260943974,0.7630949410898932,1
0.22695499812734538,0.8105479704922643,-0.31358821844232493,0.9999871788353756,0.21225670134199076,0.7947642947065419,-0.3150192242244194,0.999966366537686,0.21117969576654763,0.7853061844562662,-0.31531189536226206,0.9999670653507627,0.210241273559373,0.7750946509427038,-0.3152249774028515,0.9999738890549232,0.21497785479858003,0.8116376379440571,-0.2804447463874159,0.99995167090975,0.2155010756747476,0.8152204751968384,-0.2807962205903283,0.9999531363618785,0.21596799431176023,0.8191317381529972,-0.280913212176027,0.9999610761116291,0.2144612299984899,0.7431373493424778,-0.26898961128859683,0.999982944850264,0.2195133263694829,0.8009413583525296,-0.10939503615272457,0.9999137870196638,0.23923885719529514,0.7891722609256876,-0.29013866905508373,0.9999425472884342,0.24034363699370417,0.8073648769280006,-0.24688268581341052,0.9998546551013815,0.2935660173153055,0.6846233647445152,-0.31354768728387766,0.9999971554197115,0.3058069348335266,0.7572374302765419,0.09158312323792227,0.9999343855627651,0.4110328411233836,0.6876359746373933,-0.39537229311877287,0.9923824154097458,0.41449230292747763,0.7781336081439051,0.14939460723564543,0.09065898199533592,0.4971131332989397,0.7650758850163427,-0.4350539682240322,0.9707528784357268,0.49644508752329597,0.8390885899806845,0.006729119328846187,0.2918731385263903,0.5271614358342928,0.7790438512275959,-0.4872812957599245,0.9539310110026392,0.5278505497965319,0.8545460947628679,-0.014073610145213281,0.33080295447645514,0.5230317567956859,0.8113360672161497,-0.49020802152567894,0.9525654747568327,0.5279882262493002,0.8635626702473082,-0.06396961263541519,0.337987358200139,0.5143358686874653,0.8083399493118812,-0.43442493368839397,0.9179447313834881,0.5172207828225761,0.8546373864700054,-0.019129678606987006,0.32969125694242013,0.4986157345360723,0.6903644224693035,-0.13966325336489185,0.9999681649536922,0.4993655147223637,0.7060712247059263,0.13939003440840492,0.999952416995476,0.6347979101641424,0.751010380942246,-0.10750543171989506,0.9295862728151781,0.627556587087697,0.70278426490981,0.25661121874020015,0.3793126930450571,0.7862982071679214,0.7513998890745229,-0.024487072987289256,0.8419230785863153,0.766630861265906,0.7040469995860396,0.39874458621288167,0.6650828575265819,0.8098348276368503,0.7289978121889049,-0.027343288128232127,0.7683936069751608,0.7919755927447615,0.6918206893164536,0.4072759593355244,0.6783390970065676,0.8426292805836119,0.8260565030163732,-0.1624988928951066,0.8792506744121683,0.7965347273596401,0.7963178055039768,0.32964136785474313,0.7624656270290243,1
0.22503664113324265,0.8093037564178993,-0.31167722262185193,0.9999879989130743,0.21017611540597061,0.7927420221526047,-0.31225427368591574,0.9999685534115496,0.20920481198820576,0.783652322045688,-0.31255153335373975,0.9999691741219883,0.20832814944201503,0.7732649404427101,-0.31246652890895976,0.9999755682616398,0.2127849767948019,0.8105348677470766,-0.27778384808836315,0.9999548340665882,0.21321722762338047,0.8141219615936279,-0.27813440458527927,0.9999561823647598,0.21366300973398933,0.8183008041875116,-0.2782547350587516,0.9999636144473635,0.21262302583661574,0.7417978500497753,-0.26452231612698784,0.9999840382871956,0.21742197203225103,0.8003080631124562,-0.1052492163304625,0.9999193323069605,0.237615288845424,0.7878139779485506,-0.28769550138506395,0.9999462571637384,0.23865449171641778,0.8066655459075138,-0.24460437328651033,0.9998641445718962,0.29340873812807017,0.6833283839554622,-0.31010386861603834,0.9999972335223494,0.3059666156768799,0.7627271475463078,0.09572179178739415,0.9999375487196034,0.41122557890826256,0.6878931275729475,-0.39055634778121423,0.9927414532365471,0.4146833810312995,0.784122947988839,0.15157757596722965,0.11058566436685362,0.49731483336152704,0.7638158161064674,-0.43483621806933964,0.9724787124272051,0.49668544839168416,0.8450855448328215,0.012288308895096689,0.3356145599792743,0.5292124501590071,0.7775005431010805,-0.4878012640722867,0.9565444033721398,0.5282052138756061,0.8588915693348852,-0.007806291113254333,0.3722572963813255,0.5244017161172012,0.8111603753320102,-0.49185915034392785,0.9552958258267107,0.5287496879183012,0.8674933807603245,-0.058073102657137256,0.3792700695580449,0.515234205229529,0.8079984845786259,-0.4348347382298831,0.9226465492412962,0.517813581844856,0.8583811192676939,-0.013534071855247028,0.3706629635958836,0.5007718164345314,0.6932644515201963,-0.13954068103740955,0.9999633225901373,0.5015277472035639,0.7112159626237278,0.13927111337924825,0.9999446848343159,0.6369886110568869,0.7479960877319862,-0.11355114214379211,0.929641959996059,0.6296631323880163,0.7029384004658666,0.27456635133973484,0.363067285767917,0.7874544386206002,0.7489914380270859,-0.03309347236464762,0.8505385805820597,0.7665166361578579,0.7066980374270472,0.42963279321275905,0.6525152839463333,0.8116266583574229,0.728515020732222,-0.035304247305310996,0.7793384029947478,0.7923356068545374,0.6920472260179191,0.43957940566128695,0.6682340605505581,0.8461251156083469,0.8283920843025734,-0.16792104162018873,0.885777907124881,0.7961641693937367,0.7939194296968395,0.36507464071799967,0.756237371214505,1
0.22351272815260395,0.8090121931043165,-0.3260966765469518,0.9999887388328026,0.20869769618428988,0.7920393368293499,-0.32696569788044894,0.9999705799694719,0.207779117185494,0.7830499184542689,-0.3272691893166509,0.9999711225772726,0.20689668788992124,0.7725535405093226,-0.32718160954015,0.9999771138717388,0.21121918127454561,0.8100818046208086,-0.2919301925034358,0.9999577834688383,0.2116036004033582,0.813652046795549,-0.2922807931900024,0.9999590146130529,0.21199626295730986,0.8178851686674973,-0.2924049434990718,0.9999659657478333,0.21114641427993774,0.7407989686933057,-0.2783328150880747,0.9999850515661568,0.21578017699307409,0.7995526338445729,-0.11665510155003643,0.9999244233657574,0.23629219264819704,0.7874455924691826,-0.3018032713183041,0.9999496998458073,0.2372725184621482,0.8064291806056582,-0.2579678800599328,0.999872966059323,0.2925553671244917,0.6820195625568258,-0.32321618445988354,0.9999973116249874,0.30590964288547123,0.7666216143246355,0.09023897221376158,0.9999404714025301,0.4109523183312909,0.6870971116526373,-0.40345729116735785,0.9930838983634422,0.4147460059872989,0.7884557164948562,0.151533469043929,0.1272693055457082,0.49755237739661645,0.761994641402672,-0.4567520340968822,0.9741042687975127,0.49688697272333604,0.8499715369323204,0.01396727989074485,0.3753523579959211,0.529881594509914,0.7755545480497952,-0.5114673273316744,0.9590105989883686,0.5285174476689306,0.863345230447835,-0.006015144914774031,0.4098819843653974,0.5249306045729538,0.8102485393655712,-0.516630509804035,0.957869120712938,0.5293767781093203,0.870991665741493,-0.0574290823062946,0.41682272327357317,0.5157269958792061,0.8074187369182192,-0.45729168530168196,0.9270597182471176,0.5183896011319654,0.8614774161371691,-0.012286444676333459,0.40774678156293664,0.5011946826145567,0.6966561161238571,-0.1408871705162114,0.9999600032280231,0.5019679727225468,0.7175364576537033,0.14061186231415848,0.9999393039736254,0.6373826511974993,0.7459027294454903,-0.11660093839826255,0.9295772499051588,0.6301156446851534,0.7048031605523208,0.27581264849366816,0.3497950444961416,0.7872001302653345,0.7478080412437176,-0.0346800082459532,0.8585549819058386,0.7663016257614925,0.7070611263143605,0.42980534763171757,0.6454339623451233,0.8126819174865196,0.7249482849548603,-0.035528795857881684,0.7888336489940512,0.7924837901674467,0.6904939084217466,0.43960989035409076,0.6629752948366362,0.842476043207892,0.8287086199069845,-0.1659762854206151,0.8918219208717346,0.7951162498572777,0.7934726065602796,0.36505829157500436,0.7541779444135469,1
0.22221703108014731,0.8090383081600584,-0.34458601269228706,0.9999894355905468,0.20749884638293037,0.7917288397920543,-0.3460154841686117,0.9999725017054327,0.20660861144805776,0.7827309226167614,-0.346325663657024,0.9999729723765932,0.2056936041034501,0.7721099668535693,-0.34623430001324623,0.9999785793238672,0.2099609349308343,0.8097829469319048,-0.31050207697111987,0.9999605910531406,0.21031601572858877,0.8133153668765364,-0.310854257180773,0.9999617050433981,0.2106398955501359,0.8174815075150852,-0.31098231364940776,0.9999681937283483,0.20986963654386587,0.7398810037251177,-0.2964945784930525,0.9999860155171362,0.21440890585554057,0.7987516316874274,-0.13286269276306545,0.9999292369546562,0.23516075261707964,0.7874470496999806,-0.31992598751495627,0.9999529698799396,0.23604393056754408,0.8063589581127825,-0.2754484343117681,0.9998813497609106,0.29156730606638154,0.6805273335555504,-0.3394570905586769,0.9999973897276253,0.3057314804915724,0.7699218515692086,0.08051287408532769,0.9999432276035177,0.410565702051952,0.6858454716616663,-0.41956123298612136,0.9934201343306179,0.4147218815211592,0.7920834894838005,0.14946266340798348,0.14303880056430548,0.4978058297058632,0.7603012385039494,-0.48147035158913715,0.9756730424946752,0.4970561348158738,0.8543008442582756,0.01382226792388949,0.4128176405512053,0.5299824620115345,0.7737868859850127,-0.5377281657580671,0.9614011501443797,0.5287660853616123,0.867784296644145,-0.006196041495121759,0.44533790904900117,0.5250785391906212,0.8092727989986025,-0.5437460644491788,0.960358934155826,0.5298547313131136,0.8744390997393378,-0.05877098453969791,0.45223563703997377,0.5160292140368757,0.8069627038363753,-0.482383249134853,0.9313253164291382,0.518881355894023,0.8643737188700972,-0.012904835318953827,0.4426752441915972,0.5010125472627837,0.7004544529421576,-0.14226433275074796,0.9999572758016915,0.5017855804542015,0.7243087784997349,0.14197576919506336,0.9999345952066881,0.6375041727362007,0.7445277592231487,-0.11656292630680679,0.9296247054790628,0.6299103806758749,0.7072416852260458,0.27133439635408335,0.3383619415348974,0.7866567476042385,0.7474012148791346,-0.03262339538798251,0.8662334372257364,0.7660212742871252,0.7064024908789273,0.4200552516970141,0.641024268906692,0.8136306528387398,0.7211987211786467,-0.03243389147622832,0.7977014245658085,0.7925159663989626,0.6882578483943281,0.42928408548749725,0.659907092308176,0.8374768886072882,0.8282024634295496,-0.16002741199115228,0.8975945567262583,0.7939567565917969,0.7936719429904017,0.35438725866120435,0.7540259258500461,1
0.2211675464079298,0.8084137213641199,-0.3445833572025957,0.9999900994629696,0.20630877696234604,0.7902617988915279,-0.34518443304916907,0.9999742590147873,0.20544726427259116,0.7813352284760311,-0.34549968920905016,0.9999746906346288,0.20452290413708524,0.770342035540219,-0.34540914564297115,0.9999799461200319,0.20879936321028347,0.8087072392989849,-0.3113051673461651,0.999963168440194,0.20911755027442142,0.8121419528435017,-0.31166474778076697,0.9999641652764946,0.20936783788533048,0.816119436560006,-0.31179598693189947,0.9999702243969358,0.2087685650792615,0.7385561486770367,-0.29287159237368354,0.999986913697473,0.2133738213572009,0.7980082117278,-0.1363982625048736,0.9999336888050211,0.2343118550448582,0.7869843306212589,-0.31872098096485796,0.999955976831502,0.23487728217552448,0.8060352226783489,-0.27638363529895915,0.9998890428707518,0.29157435482945937,0.678090999866354,-0.33163024947561065,0.9999974678302633,0.3054402748058582,0.7739796350742209,0.07183962007021082,0.9999456878366142,0.41072159491736315,0.6847562522723757,-0.4091370301000003,0.9937640983482887,0.414551285834148,0.7960290004467142,0.14206483035252013,0.1619157200229579,0.49805589482702056,0.7606704687250072,-0.46665271911127815,0.9771858124897398,0.497148295928692,0.858395843670286,0.013500654074395525,0.4480179137197034,0.5304540457396671,0.7739615625348585,-0.5208528021286274,0.9637505946488216,0.528779987631173,0.8718792179535175,-0.005876227972450955,0.478653936550535,0.5252650482901211,0.8097682821339575,-0.5264526564499428,0.9627901130709154,0.5298680478128893,0.8786797605711838,-0.057775268652315796,0.4854182847614946,0.5163133123825336,0.8077530244301105,-0.4672562130566301,0.9355143904685974,0.5189650038193012,0.8677970746467853,-0.012772602061259335,0.4756786658846099,0.5018701142278211,0.7052115284163376,-0.14018893087732381,0.9999539564395773,0.5025213463553067,0.7305966656783531,0.13987015136357012,0.9999276831232268,0.6405948112750876,0.7447172752742109,-0.10743116099258948,0.9305667404470772,0.6302684422197014,0.7085295196237236,0.2774546557459338,0.3294190137550749,0.7880437333008339,0.7481205792262636,-0.028416319910822243,0.8735842232046456,0.7656405239269651,0.7059265334030678,0.432992114075299,0.6373586387469851,0.8158243606830465,0.7240653223004835,-0.030678710418528522,0.806790814317506,0.792450867850205,0.6867616752098347,0.44316587263140184,0.6565926116088341,0.8428647600371262,0.8282785744502627,-0.15085716648348446,0.9031093058914974,0.7938695549964905,0.7925136418178164,0.374151853651836,0.753785018263192,1
0.22040594600397964,0.8078326418482024,-0.34361567373933466,0.9999906400154377,0.20539854518298445,0.7890631515404274,-0.34338866225604353,0.9999757943482235,0.20468053478619147,0.7803651114989971,-0.3437078482118146,0.999976186916746,0.20388887411561504,0.7690742159711903,-0.34361483208064375,0.99998114026826,0.2076711803674698,0.8077334679406265,-0.3098336334886222,0.999965474523347,0.20792451089826122,0.811052889659487,-0.31020052782420454,0.9999663788696815,0.20808672853584947,0.8148345638965738,-0.31034549351396234,0.9999720330896049,0.20843378531521764,0.7371910419957391,-0.28846668374949486,0.9999876638938641,0.21235909698338346,0.7972977921880525,-0.13348212067423196,0.9999375240556125,0.23361392576118994,0.7866536132220564,-0.3167812217926157,0.999958638487191,0.23406376663980813,0.8058992788709444,-0.27489526621226607,0.9998959960608647,0.29173258152501336,0.6720158642735975,-0.32605835076036127,0.9999974719409285,0.30541574852219944,0.7795853553147152,0.07212437689304352,0.9999474821419552,0.41112849321858635,0.6836372881100096,-0.40425930249279945,0.9940624586467085,0.41414710982092495,0.8011281449219276,0.14056912732535395,0.17777358201043358,0.49824741996567823,0.7649695606067263,-0.4606754748985685,0.9785606121194774,0.4963562406342605,0.8643042383522823,0.007632792798866486,0.48031407594680786,0.5308595793000583,0.7807561775733685,-0.5149444300552894,0.9658825520811409,0.5278486424478991,0.8794806681830307,-0.01359626949475757,0.5094888158913317,0.5254282745821722,0.8157442027124865,-0.5212345657677486,0.9650051860973753,0.5288522839546204,0.8852208318381474,-0.06527990321147031,0.5161548318534062,0.5165257864984972,0.8136882042062694,-0.4615378235948497,0.9393223565200279,0.518005068959861,0.8735654580182043,-0.01862830177334876,0.5061695174924259,0.5023484476681414,0.7058117841852123,-0.1392173227565042,0.9999512290132457,0.5028549165561281,0.7391243885303366,0.13889240550583806,0.9999221522232582,0.6411007622192646,0.7428709021930037,-0.10779664459927328,0.9318103913603157,0.6303092508480467,0.7157326669528566,0.27116093656112406,0.32487832472242156,0.78803217205508,0.7459507050185368,-0.03245785569065604,0.8807206791022728,0.7644626333795744,0.7055269109791723,0.42844855785369873,0.6379288517195603,0.8153181754309555,0.7219283889079916,-0.035477371436768566,0.8154342791129803,0.7918227150522429,0.6860407159246248,0.4390584847022747,0.6571146886924217,0.8423042441236561,0.8280390110509149,-0.16650057301439086,0.9084667234585203,0.7921530994875677,0.7922124143304496,0.3664578055513316,0.7562720467304361,1
0.21988815069198608,0.8072295867163559,-0.34131847373370466,0.9999910921886049,0.20471211137442752,0.788070168988458,-0.3405157399588618,0.9999771673103859,0.2041697471306242,0.7796523940974268,-0.34083488789098015,0.9999775208275894,0.20356099256153765,0.7681258135828478,-0.3407383520027687,0.9999822049305357,0.20669499399333163,0.8068673364047346,-0.3064710919199319,0.999967585349905,0.20688802003860474,0.8100844498338371,-0.3068430834803088,0.9999684115936016,0.20697185551298075,0.8137014405480747,-0.3070038957842465,0.9999736835216654,0.20844446842012734,0.7358843067596699,-0.282693507342503,0.9999883113236263,0.2114731607765987,0.7966900282892687,-0.1269691221672913,0.9999409256310299,0.23302518293775362,0.7863309321732357,-0.3139517882774616,0.9999610699456314,0.23352459329983283,0.8058103939582562,-0.27148058496672534,0.9999024436391634,0.2919455057588117,0.6641346771141579,-0.32025172998165263,0.9999974328896095,0.3055685183097576,0.7861451424401382,0.07754105098288634,0.999948945538751,0.41161799533613797,0.6820179491207518,-0.4001854082633709,0.994330385635639,0.41367154902425307,0.8072329759597778,0.1423910599330376,0.19304574306668906,0.4977026314570986,0.7712605533928707,-0.459312347502544,0.9798400278749138,0.49500743171264383,0.8713892451648054,-0.0020103482609807348,0.510812194182955,0.5304584194873941,0.7909832452905589,-0.5146385410736347,0.9678658020907435,0.5263539079962105,0.8886907861150545,-0.02666319816790777,0.5387422051923029,0.5248446793391787,0.8246499752176218,-0.5220204571197773,0.9670717860090321,0.5271406995839086,0.8929560842185185,-0.07828825172679177,0.5453145709531061,0.5158564530569931,0.8223751865584275,-0.46060781437775183,0.9428700681390434,0.5162279009819031,0.8806623323210354,-0.02849044734290961,0.5350894064738833,0.5025800918710643,0.7042968602016054,-0.1386679708957672,0.9999490976333618,0.5029396866929943,0.7488799629540279,0.1383524239063263,0.9999179449574701,0.6401921346269804,0.7399049010770075,-0.11335560807894016,0.9332336557322535,0.6301688099729603,0.7252240694802383,0.25854028710003557,0.3234062544230757,0.7873120760095531,0.7427178004692341,-0.0399845847538833,0.8876349658801638,0.7628568554746693,0.7053553996414974,0.4154166969759711,0.641166368435169,0.8134192988790315,0.7175773772700079,-0.04293502931450976,0.823635654202823,0.7907491408545395,0.6858611990665567,0.42624259919955815,0.6599749635005819,0.8391777256439472,0.8272451799491356,-0.19271122741288152,0.913658988886866,0.7897695487943189,0.7925477726706143,0.3446785735672918,0.7604235328477005,1
0.2200152724981308,0.8062240152523436,-0.3325053134868885,0.9999914045991569,0.20454043201331434,0.787494552546534,-0.33327043159254666,0.9999782607473177,0.20387781899550866,0.7790174196506369,-0.3335615016263107,0.9999785752132021,0.20317438450352898,0.7674127364980763,-0.33346887086999827,0.9999830250082344,0.20684522441748915,0.8064107093317755,-0.29831332995973786,0.9999693817105787,0.2071552872657776,0.8097230689278965,-0.2986720050203389,0.9999701298516372,0.20731487253616596,0.813475411513756,-0.29881440462737247,0.999975089369149,0.20759205622919674,0.7352733098227402,-0.26916708720141447,0.9999888189907732,0.21158097170550247,0.7967912102567738,-0.12187257845853938,0.9999436982746782,0.23261597392887906,0.7854220517750444,-0.30720327126568764,0.9999632568194948,0.23356637821115298,0.8051903761666397,-0.26370911865398805,0.999908262285693,0.29187376848582564,0.6589444444097322,-0.3012692157564492,0.9999973938382906,0.30590601933413536,0.7931393117740236,0.08216221810414873,0.9999508981047005,0.411565061273246,0.6762929086027474,-0.3754428244870285,0.9945657479351965,0.41374738668573313,0.8161660432815552,0.14314816737997121,0.218308939502157,0.491189437693563,0.7749971397991838,-0.4533356212336442,0.9809927837602024,0.4933104566458998,0.8794840368731268,-0.016243224000108643,0.5404264885803749,0.5235278647521446,0.7975622991035725,-0.5075757585722824,0.9696634124065268,0.5247572167166348,0.8941880402893856,-0.04531438635854884,0.5668552887850794,0.5180285449685722,0.8312856534431721,-0.5139667473990341,0.9689478894759869,0.5246171642994059,0.8994356743220625,-0.09593059790545495,0.5732000244074854,0.5080468921825804,0.8289425640270628,-0.4537278311005954,0.9460952775231724,0.5126786828041077,0.8874239510503309,-0.042717215059132396,0.5631142731370596,0.5025952437828327,0.7054138060273796,-0.1362348198890686,0.9999490976333618,0.5029038766334797,0.757966423856801,0.13594107329845428,0.999918140214065,0.6400753321318791,0.7375166786128077,-0.11596862457949539,0.9346881221080648,0.6300607940246319,0.7248355479075991,0.25369337406651726,0.3261896762354621,0.7875038960884357,0.74477494585103,-0.036236092576692844,0.8937235351266533,0.7615665217925762,0.7067443379040422,0.4169079887455907,0.6460732447689977,0.8130695162148311,0.7192158925122228,-0.04049802687147568,0.8302903113694027,0.7886812954113401,0.6864401739219139,0.4286008107251134,0.6636869866272499,0.8437342725951096,0.8233052923761565,-0.18570913066124095,0.9182275636442776,0.7897940730226451,0.7940444535222547,0.33932438390008335,0.7651968927218996,1
0.22029941708877168,0.805235558542712,-0.29267101657801653,0.9999914004884917,0.20496508427735033,0.7868257432148374,-0.2920094641118213,0.9999787889677902,0.20416256990926018,0.7783863791104021,-0.2923070927118432,0.9999790417736975,0.2033515402982975,0.7667043167969276,-0.29222958098197793,0.9999834155214244,0.20739796809081373,0.8058282198577091,-0.2585737083492607,0.9999707032894266,0.2077192592209783,0.8091053736620936,-0.2589406073093413,0.9999713959365055,0.20783143927311076,0.8128497970515284,-0.25909615025438104,0.9999760882607822,0.207317803954256,0.734548387856319,-0.22904251310332058,0.9999890327453613,0.21175711730430866,0.7968583661934425,-0.08694937992198706,0.9999454083113835,0.23236072988345705,0.7844418410597176,-0.26794261048580026,0.9999648784768993,0.23376986589925042,0.804330548335766,-0.22630931077332322,0.9999130861512546,0.29090034139567406,0.6546354745996409,-0.264314982911636,0.999997264352338,0.3060621763097829,0.7990918549998053,0.09937284706995408,0.9999525567580914,0.41065980339872427,0.6724246493701277,-0.3386757240213196,0.994690282591458,0.4136029142757942,0.8255171673051243,0.14698487366067953,0.24306550416453135,0.48356828401828633,0.7858371857939096,-0.42223808683198066,0.9819290165243477,0.49151581217502727,0.8872507317312832,-0.0197517086976561,0.5675605227207315,0.5146134906801684,0.8114108957093338,-0.4758204550578676,0.9711386684713692,0.522403949293597,0.9013356134809297,-0.05044371185117754,0.5927001361189218,0.5079608446565167,0.8422071419913193,-0.4809359753953999,0.9705163569285952,0.5218554920163648,0.9079400054339705,-0.09889240460149172,0.598875051942365,0.49817398601564866,0.839199448453969,-0.42232928913215106,0.9488039016723633,0.5095221091961039,0.8965935501559027,-0.045578209619069915,0.5889083434795511,0.5018737829964737,0.7049083319203607,-0.1311676019224627,0.9999493011112871,0.502836550104207,0.7649451021490425,0.1308923350839779,0.9999188328611439,0.6398023716334639,0.735464963419684,-0.12282128169618806,0.9350603120080356,0.6299753415173498,0.7247792831782637,0.23704900875173762,0.3260858028099455,0.7873834453780075,0.7459093414503952,-0.04806750242052411,0.8990315404431574,0.7607691925147484,0.7083921226961859,0.4161558572588296,0.6470903014314585,0.8131410458992268,0.7209779188550752,-0.052290109981750654,0.8350322308211491,0.7872994192715349,0.6864877548711054,0.4237781845290085,0.66292771799811,0.8485173130857534,0.8230060092334089,-0.20082728873039118,0.9221799620266619,0.7913852868408993,0.7947380522201801,0.325760877337949,0.7669593219099373,1
0.22065630452386265,0.8042686910464846,-0.2344992273840411,0.9999911764572407,0.20575102187436203,0.7861040316779038,-0.23043875242101738,0.9999789225644079,0.20480408904881311,0.7777530982576567,-0.23076695820380905,0.9999790993230097,0.20388820716019335,0.7659955168592518,-0.2307113367935707,0.9999835039007252,0.20816218185013738,0.8051511891956987,-0.2001244405220295,0.9999716898490643,0.20841990976498045,0.808303191744048,-0.2005140801955914,0.9999723434448242,0.2084015674632171,0.8119309832309854,-0.20070381925023836,0.999976801461187,0.20746010696065836,0.7337649937333732,-0.17354417206912207,0.999989038911359,0.2119340547199907,0.796888935154882,-0.03418530022789694,0.9999463804836931,0.23220788713159232,0.7833749055862427,-0.2092397675432008,0.9999660911231205,0.23406819022935013,0.803303613744933,-0.17135702998473729,0.9999171824290835,0.2893007726504885,0.6511367066153164,-0.2174725666128356,0.9999970670404106,0.30609255412529257,0.8042335818553793,0.12387171464747394,0.999953987269566,0.40920857931005544,0.6700994988967632,-0.29607457641897533,0.9947240044330729,0.41330369895902175,0.8350189492620271,0.15228839783832943,0.2671323788577113,0.4750011018637953,0.8020038954142866,-0.37606811112370986,0.9826935056982369,0.4895223831308299,0.8947717198010149,-0.016270534617119834,0.5927363387469587,0.5037918183310278,0.8306517929866396,-0.42932025009188163,0.9723623045559587,0.5194084829297559,0.9097768787680002,-0.046581364654261506,0.6167604923248291,0.49510673818917106,0.8562807666844335,-0.4330178211475241,0.9718447882553627,0.518872554959922,0.9180330716330429,-0.09218968913472933,0.6228111119105898,0.4864452614866454,0.8521172938675716,-0.37628549851220233,0.951110015655386,0.5065312344452431,0.9074994078997908,-0.041034659178092577,0.6129419043146331,0.5006919112698786,0.703269639919544,-0.12441745991336887,0.9999495785811852,0.5027572183773436,0.7700841509062668,0.12415686455266228,0.9999197721481323,0.6395029178981123,0.7337186706477198,-0.1321781241688235,0.9346250521725622,0.6299053903283744,0.7249180489572985,0.21367268212910356,0.3236325331803026,0.7871700566390465,0.7464496760532774,-0.07040168036674632,0.9037308076332355,0.7603468709978564,0.7101997054856399,0.41416655840544864,0.6448423554157389,0.8136366975718531,0.7229141592979431,-0.07371164678499617,0.8383422555594608,0.7864131146463854,0.6861862231945169,0.41491644649670045,0.6586189681086047,0.85333769280335,0.8254032381649675,-0.23086945558416433,0.9256566434070982,0.7940183877944946,0.7949941548807867,0.3086308518360401,0.7662046181744543,1
0.22026699216201387,0.8034663816978191,-0.2523474569978385,0.9999911374059217,0.2052335723720748,0.7856500600946361,-0.24858854608289127,0.9999793521289168,0.20431818324944068,0.7770279933666361,-0.2489262413361977,0.9999794898361996,0.20351589188493532,0.7652189032784824,-0.2488675934487376,0.9999837772599582,0.20746359280471144,0.8044200704015535,-0.21833679439692663,0.999972861388634,0.20769664028595233,0.8075356380692844,-0.21872849402756528,0.999973475933075,0.20766387828465166,0.8109655174715765,-0.218918281896361,0.9999776996415237,0.20753176613100643,0.7334204829972366,-0.18951204162219476,0.999989156065316,0.21123068188798838,0.7967063702386001,-0.050743386534781304,0.9999479815877718,0.23188272632401566,0.781680703163147,-0.22619116409071563,0.9999673407653282,0.23395673776495046,0.8024080888978367,-0.1883221628337071,0.9999212047149395,0.2882345935394024,0.6506850390598692,-0.22790898279897098,0.9999968327324966,0.3062328655144264,0.808416446735119,0.11475137672547636,0.9999551588091357,0.4090876569008005,0.6712433510813219,-0.30587243519980334,0.9945739302141913,0.4131031704360041,0.8417598317409384,0.14367989579151416,0.28541710458952807,0.46390960956441946,0.8210598065935333,-0.387448407452682,0.983201094742479,0.48522941305719575,0.9021650717176241,-0.027367530711765953,0.615133090265866,0.4846087755828068,0.8517891785194134,-0.44065936680497797,0.9732766911901277,0.5147577051458687,0.9199004255492111,-0.05788238436497492,0.6383932828903198,0.47466327506920386,0.8709876886729536,-0.44409923820660036,0.9728798044138941,0.5150242817812952,0.9302176689279491,-0.1037071825101458,0.6443822404433941,0.46832287208787327,0.8646334368607094,-0.3875974550329406,0.9529335169956602,0.5013828647547754,0.9181352689348419,-0.05199760185747312,0.6344894458507669,0.5008655724854305,0.7024719776778385,-0.12185701625100498,0.9999485241955725,0.5028743723343159,0.769702658571046,0.12158601371378734,0.9999186396598816,0.6407708361231047,0.7330647953625383,-0.13110955316444922,0.9338236800555525,0.6298190869134048,0.724217819756475,0.2235604272834186,0.3166874513543885,0.7893716919011083,0.7483765462349201,-0.07783060315354118,0.9076910799947279,0.7602208133401542,0.7114951158392018,0.41927669685462426,0.6347456368906744,0.8162511833782854,0.7263693809509277,-0.08219168463657643,0.8409176509955834,0.785467135495153,0.6865570935709723,0.4273543892235592,0.6489528294267326,0.8558651722710708,0.8286788628019136,-0.23996953563443546,0.9286367276619221,0.7948960661888123,0.7978884043364689,0.3347709065881269,0.7595573417071638,1
0.220384216514127,0.8011160575110337,-0.26639665098025883,0.9999825892777279,0.20537370083660916,0.7840227402489761,-0.26026950416893796,0.9999708615500351,0.20446192858548,0.7743244047822624,-0.2606890160461952,0.9999725428120844,0.20368631286867733,0.7627210308765543,-0.2606539171317528,0.9999783984546003,0.2075281230540111,0.8029593085420543,-0.23556272736911116,0.999964557845017,0.2077416181564331,0.8063833055825069,-0.23596449761555113,0.999965133338139,0.20768502303238573,0.8098561578783495,-0.2361811101436615,0.9999683211589682,0.20783951107797952,0.732633089197093,-0.20256196065195675,0.9999871356733914,0.21117315107378468,0.7966114035968123,-0.07224965647890651,0.9999275289732834,0.23209366818954205,0.7781858238680609,-0.23582858772113405,0.9999613967435114,0.23424380914918308,0.8011214137077332,-0.20414538887040368,0.9999091954066835,0.28735346629701813,0.6492720719041496,-0.23521789189042716,0.9999951185851261,0.3062615415145611,0.8162510621136633,0.09704621778479937,0.9999197865354603,0.4072259705642174,0.6715444141420824,-0.3234786668728138,0.9945121325295547,0.41026478697513713,0.8555231484873541,0.12363650213027821,0.28945818029601,0.4355514635299814,0.8424500823020935,-0.4317285151317202,0.9838024275056247,0.47529654872828514,0.9298649039761774,-0.04601918430677777,0.6143776918279713,0.4461842436214973,0.8809536037773922,-0.4859415816849676,0.974319289470541,0.49999429028609704,0.9509894745103245,-0.07491888542627467,0.6412002547033901,0.43383046059772884,0.8904934833789694,-0.4850820344069909,0.9740098591508537,0.5006740504297716,0.9671374949915656,-0.11981862680665378,0.6481322173414559,0.4309349871914962,0.8791035845361908,-0.4306248066754177,0.9548616553175038,0.4890805708950963,0.9525045896398611,-0.07021965420451659,0.6390965046553776,0.5012678483436848,0.702197931963822,-0.11401505639840816,0.999939042946388,0.503142983748995,0.7755712476269953,0.11374633836335149,0.9998943435734716,0.642835771215373,0.7320071705456438,-0.11766032925967512,0.9351111218847078,0.6325085512522993,0.7283006783189445,0.21211160565244738,0.32752894019258433,0.7908083529307924,0.7517663199326088,-0.05053592646687193,0.9124325637159676,0.7600175779441307,0.7123844335819113,0.4177570723254105,0.6390661309505331,0.816948413848877,0.7322778270162386,-0.05326205414944679,0.8460276209074875,0.7844243296261492,0.6865552704909752,0.4268730663020035,0.6508065626539034,0.8574980271273646,0.8283858340362023,-0.21341613654432623,0.9321422987970812,0.796718272669562,0.7985281389335106,0.3417291384318779,0.7616805598653597,1
0.22095732390880585,0.7973725199699402,-0.2770267128944397,0.9999663829803467,0.20610564947128296,0.7813394069671631,-0.2661285102367401,0.999954342842102,0.2051723599433899,0.7698401808738708,-0.26669493317604065,0.9999589920043945,0.2043451964855194,0.7586740255355835,-0.26670730113983154,0.9999679327011108,0.20827946066856384,0.8008418679237366,-0.25190088152885437,0.999947726726532,0.20847801864147186,0.804884672164917,-0.25231993198394775,0.999948263168335,0.20838911831378937,0.8086172938346863,-0.2525874674320221,0.9999496936798096,0.2083597332239151,0.7314471006393433,-0.21298572421073914,0.9999831914901733,0.21169687807559967,0.7965952754020691,-0.09820929169654846,0.999887228012085,0.2327871024608612,0.7730703353881836,-0.23888343572616577,0.9999489784240723,0.23488955199718475,0.7994827032089233,-0.21894089877605438,0.9998827576637268,0.28663888573646545,0.6469939351081848,-0.23971204459667206,0.9999920725822449,0.30618974566459656,0.8273722529411316,0.07161471992731094,0.9998515248298645,0.40379759669303894,0.6710869669914246,-0.34811243414878845,0.9945297837257385,0.4050523340702057,0.8756066560745239,0.09330170601606369,0.28067997097969055,0.3916533291339874,0.8659412860870361,-0.5056184530258179,0.9844881296157837,0.46028777956962585,0.9758405685424805,-0.07147002965211868,0.5927853584289551,0.3904423713684082,0.9173423647880554,-0.5617725849151611,0.9754772782325745,0.4761295020580292,1.0009474754333496,-0.09711731970310211,0.6270639896392822,0.37464722990989685,0.9143182635307312,-0.5529760718345642,0.9752254486083984,0.476872056722641,1.0263190269470215,-0.14006462693214417,0.6358431577682495,0.3762081563472748,0.8953323364257812,-0.5021960139274597,0.95688396692276,0.47033974528312683,1.0082340240478516,-0.09497490525245667,0.6284571290016174,0.5018758773803711,0.7023951411247253,-0.10141973197460175,0.999921977519989,0.5035479068756104,0.7870649099349976,0.10116472095251083,0.9998492002487183,0.6456180214881897,0.7305861711502075,-0.09306851774454117,0.9382784962654114,0.6376962065696716,0.7366883158683777,0.18145987391471863,0.354378342628479,0.7915565371513367,0.7564727067947388,0.008009989745914936,0.9178771376609802,0.7597448825836182,0.7129082679748535,0.41027066111564636,0.6563621163368225,0.8159201145172119,0.7403941750526428,0.009336277842521667,0.8534187078475952,0.7832943797111511,0.6862180233001709,0.414764404296875,0.6630281805992126,0.858325719833374,0.8248810172080994,-0.15477460622787476,0.9361208081245422,0.7993905544281006,0.7971388101577759,0.33142372965812683,0.7716972231864929,1
