x_0,y_0,z_0,vis_0,x_1,y_1,z_1,vis_1,x_2,y_2,z_2,vis_2,x_3,y_3,z_3,vis_3,x_4,y_4,z_4,vis_4,x_5,y_5,z_5,vis_5,x_6,y_6,z_6,vis_6,x_7,y_7,z_7,vis_7,x_8,y_8,z_8,vis_8,x_9,y_9,z_9,vis_9,x_10,y_10,z_10,vis_10,x_11,y_11,z_11,vis_11,x_12,y_12,z_12,vis_12,x_13,y_13,z_13,vis_13,x_14,y_14,z_14,vis_14,x_15,y_15,z_15,vis_15,x_16,y_16,z_16,vis_16,x_17,y_17,z_17,vis_17,x_18,y_18,z_18,vis_18,x_19,y_19,z_19,vis_19,x_20,y_20,z_20,vis_20,x_21,y_21,z_21,vis_21,x_22,y_22,z_22,vis_22,x_23,y_23,z_23,vis_23,x_24,y_24,z_24,vis_24,x_25,y_25,z_25,vis_25,x_26,y_26,z_26,vis_26,x_27,y_27,z_27,vis_27,x_28,y_28,z_28,vis_28,x_29,y_29,z_29,vis_29,x_30,y_30,z_30,vis_30,x_31,y_31,z_31,vis_31,x_32,y_32,z_32,vis_32,label
0.2926989197731018,0.887127161026001,-0.17537108063697815,0.9997008442878723,0.2782859206199646,0.8930996656417847,-0.20247837901115417,0.9993560910224915,0.2767453193664551,0.8907525539398193,-0.2027600258588791,0.9993464350700378,0.27502205967903137,0.888798713684082,-0.20273137092590332,0.9994366765022278,0.2783927917480469,0.8942448496818542,-0.16753023862838745,0.9992616772651672,0.27707040309906006,0.8925209045410156,-0.16791419684886932,0.9993433356285095,0.2754591703414917,0.8908399343490601,-0.1681123822927475,0.9995020627975464,0.26446568965911865,0.8591921329498291,-0.2554071247577667,0.999727189540863,0.2664214074611664,0.8647994995117188,-0.09185982495546341,0.9991277456283569,0.2974977493286133,0.8624170422554016,-0.1854168325662613,0.9993059039115906,0.29816800355911255,0.8643213510513306,-0.14105956256389618,0.9988109469413757,0.31626415252685547,0.7701203227043152,-0.3166188895702362,0.9999873638153076,0.314044326543808,0.7574707269668579,0.061850666999816895,0.9997308850288391,0.4286119043827057,0.7630460262298584,-0.3685165345668793,0.9813698530197144,0.41935503482818604,0.7171036005020142,0.09135392308235168,0.007778196595609188,0.529941976070404,0.7945918440818787,-0.3461448848247528,0.8725113868713379,0.5014515519142151,0.7436368465423584,-0.0009919041767716408,0.025071877986192703,0.5549270510673523,0.7991780042648315,-0.3814592659473419,0.8141062259674072,0.5251930356025696,0.747374951839447,-0.007799812126904726,0.029153991490602493,0.5563624501228333,0.8114417791366577,-0.3747166693210602,0.7965573668479919,0.5260786414146423,0.7587114572525024,-0.03832345828413963,0.02875136211514473,0.5488592386245728,0.8082483410835266,-0.34051328897476196,0.6498989462852478,0.519397497177124,0.7537671327590942,-0.017668787389993668,0.030038682743906975,0.4889872372150421,0.6319751739501953,-0.11261136829853058,0.9999933242797852,0.49619272351264954,0.6795543432235718,0.11255885660648346,0.9999892711639404,0.6089756488800049,0.4693616032600403,-0.18297265470027924,0.9850517511367798,0.6146079301834106,0.7663615942001343,0.14041933417320251,0.43437743186950684,0.615436851978302,0.17223115265369415,-0.08942843973636627,0.9360989332199097,0.7607647180557251,0.8040381073951721,0.19397225975990295,0.7059836387634277,0.5991582274436951,0.12669719755649567,-0.08444651961326599,0.8173020482063293,0.792949914932251,0.7752626538276672,0.19545859098434448,0.7117712497711182,0.6784931421279907,0.11599857360124588,-0.14981821179389954,0.9321597814559937,0.788765013217926,0.927981972694397,0.1442601978778839,0.7858448028564453,1
0.2928597033023834,0.8872259259223938,-0.17730669677257538,0.9997014403343201,0.27846938371658325,0.8932165503501892,-0.2048349231481552,0.9993636012077332,0.2769361138343811,0.8908020853996277,-0.2051173895597458,0.9993537068367004,0.27521610260009766,0.8888370990753174,-0.2050924003124237,0.9994433522224426,0.27855056524276733,0.8944872617721558,-0.16870175302028656,0.9992675185203552,0.27723440527915955,0.8927513360977173,-0.1690806895494461,0.9993466138839722,0.2756185829639435,0.8911253213882446,-0.16928516328334808,0.9995045065879822,0.26461267471313477,0.8595058917999268,-0.25923246145248413,0.99973064661026,0.2665913999080658,0.8649698495864868,-0.09346992522478104,0.9991263151168823,0.2976316809654236,0.8625392913818359,-0.18774262070655823,0.9993046522140503,0.29830291867256165,0.8643854260444641,-0.14183609187602997,0.9988040924072266,0.3163541257381439,0.7701883316040039,-0.3198927044868469,0.9999874234199524,0.3141845762729645,0.7573990225791931,0.058526333421468735,0.999726414680481,0.42865127325057983,0.7631369829177856,-0.3701327443122864,0.9813210964202881,0.4195409119129181,0.7170354127883911,0.08971288800239563,0.007202858105301857,0.5300154685974121,0.7950301766395569,-0.3465273976325989,0.870263397693634,0.5015822649002075,0.7435929775238037,-0.0004468537517823279,0.02285355143249035,0.5549721121788025,0.7995592355728149,-0.3814973831176758,0.8105921745300293,0.525443434715271,0.7472935318946838,-0.007268139626830816,0.026714637875556946,0.5563823580741882,0.8115421533584595,-0.3747474253177643,0.7928559184074402,0.5264160633087158,0.758579671382904,-0.03785285726189613,0.026359811425209045,0.5488827228546143,0.8083212375640869,-0.34085729718208313,0.6440898776054382,0.5196260213851929,0.7537021636962891,-0.017216116189956665,0.027568215504288673,0.4890361726284027,0.6319499611854553,-0.11290527880191803,0.9999932646751404,0.4963020384311676,0.6785687208175659,0.11284741014242172,0.9999892115592957,0.608698308467865,0.46891868114471436,-0.1820894330739975,0.9848645925521851,0.6146077513694763,0.7661422491073608,0.14558045566082,0.4266059398651123,0.615097165107727,0.17206743359565735,-0.08861550688743591,0.9348540306091309,0.7607548832893372,0.8036847114562988,0.20375923812389374,0.7011558413505554,0.599149763584137,0.12610630691051483,-0.08372289687395096,0.8147766590118408,0.7929509878158569,0.7752712965011597,0.20556588470935822,0.7081167697906494,0.6780833005905151,0.11651463061571121,-0.14954999089241028,0.9306305646896362,0.7885534763336182,0.9278681874275208,0.15304508805274963,0.781316339969635,1
0.29296743869781494,0.8873711228370667,-0.18235646188259125,0.9997069239616394,0.2785128057003021,0.8933338522911072,-0.21015077829360962,0.9993798136711121,0.27702921628952026,0.8909348249435425,-0.21043291687965393,0.9993696808815002,0.2753221094608307,0.888945996761322,-0.21040622889995575,0.9994572401046753,0.278672993183136,0.8945412635803223,-0.1732606738805771,0.9992838501930237,0.27734535932540894,0.8927869200706482,-0.1736375242471695,0.9993593096733093,0.2757299840450287,0.8912051320075989,-0.1738407164812088,0.9995139241218567,0.2647065222263336,0.8595866560935974,-0.2650820016860962,0.999737024307251,0.2666693329811096,0.8650338053703308,-0.09524881094694138,0.999136745929718,0.29773637652397156,0.862673282623291,-0.19287914037704468,0.9993120431900024,0.2984078824520111,0.8644919395446777,-0.1459721177816391,0.9988134503364563,0.3164713978767395,0.7703180313110352,-0.32352879643440247,0.9999875426292419,0.31426528096199036,0.757229208946228,0.057021576911211014,0.9997240304946899,0.42866337299346924,0.7632122039794922,-0.37394529581069946,0.9813807010650635,0.41957738995552063,0.7170910239219666,0.0887221097946167,0.0067110490053892136,0.530051589012146,0.7951456308364868,-0.3506159484386444,0.8691444396972656,0.5017482042312622,0.7437577843666077,-0.00039039773400872946,0.020893076434731483,0.5550267100334167,0.799748957157135,-0.38559702038764954,0.8084998726844788,0.5257334113121033,0.7480869889259338,-0.007197356782853603,0.02456776611506939,0.5563603043556213,0.8116841912269592,-0.3785572350025177,0.7906028032302856,0.5265899896621704,0.7586967945098877,-0.03763362020254135,0.024255985394120216,0.5488473773002625,0.8083926439285278,-0.3448225259780884,0.6402345299720764,0.5196666717529297,0.7539552450180054,-0.017181960865855217,0.02539929747581482,0.48897308111190796,0.6319514513015747,-0.11302364617586136,0.9999932646751404,0.4963131844997406,0.6780624985694885,0.11296279728412628,0.9999892115592957,0.6085208058357239,0.46883833408355713,-0.1816675215959549,0.9848464131355286,0.6146350502967834,0.7659847736358643,0.1493753045797348,0.42280879616737366,0.6148957014083862,0.17188362777233124,-0.0880153700709343,0.9346284866333008,0.7607890963554382,0.8035928010940552,0.21061991155147552,0.7003288269042969,0.5991455912590027,0.12577110528945923,-0.08314721286296844,0.814147412776947,0.7929698824882507,0.7753612399101257,0.21268120408058167,0.7072246670722961,0.6778096556663513,0.11682974547147751,-0.1497025340795517,0.9300920963287354,0.7882773280143738,0.9278551936149597,0.15971411764621735,0.7797870635986328,1
0.2930285334587097,0.8874427676200867,-0.18249978125095367,0.9997100234031677,0.27867043018341064,0.8934789299964905,-0.21020229160785675,0.9993897676467896,0.27709707617759705,0.8910361528396606,-0.21048396825790405,0.9993792772293091,0.275369793176651,0.8890243172645569,-0.21045657992362976,0.9994650483131409,0.2790742814540863,0.8946543335914612,-0.17355942726135254,0.9992946982383728,0.2778240442276001,0.8928501009941101,-0.17393796145915985,0.9993674755096436,0.27631282806396484,0.8912860751152039,-0.1741408407688141,0.9995198249816895,0.2647780776023865,0.8596829175949097,-0.2626038193702698,0.9997401833534241,0.266915887594223,0.8651086091995239,-0.09533048421144485,0.9991417527198792,0.29781579971313477,0.8627706170082092,-0.1928439438343048,0.9993122816085815,0.29848095774650574,0.8645848631858826,-0.1463523656129837,0.998812735080719,0.31652089953422546,0.7705972194671631,-0.318969190120697,0.9999875426292419,0.3143576681613922,0.7572230100631714,0.05720889940857887,0.9997217059135437,0.4285999536514282,0.7632235884666443,-0.3693965971469879,0.9813907146453857,0.4196253716945648,0.7176262736320496,0.08889222890138626,0.0063081169500947,0.5296900868415833,0.7951231002807617,-0.3461180627346039,0.8678082227706909,0.5028731822967529,0.7443587183952332,0.00037876563146710396,0.019205838441848755,0.5547420382499695,0.7998850345611572,-0.3803284764289856,0.8064401149749756,0.5266664028167725,0.7495706081390381,-0.006724200677126646,0.02275087684392929,0.5559143424034119,0.8120234608650208,-0.37350887060165405,0.7884904146194458,0.5277389883995056,0.7587347626686096,-0.036983076483011246,0.022479664534330368,0.5484542846679688,0.8085338473320007,-0.3403495252132416,0.6370469927787781,0.5205912590026855,0.7550891041755676,-0.01647029258310795,0.02357262186706066,0.4887394309043884,0.6319379210472107,-0.11293061077594757,0.9999932050704956,0.49631646275520325,0.6769990921020508,0.11286885291337967,0.9999891519546509,0.6083042025566101,0.46840667724609375,-0.18111552298069,0.9848198294639587,0.6146513223648071,0.7655300498008728,0.14371657371520996,0.4238849878311157,0.614702045917511,0.17174188792705536,-0.08796617388725281,0.9341502785682678,0.7607904672622681,0.8035240173339844,0.19965344667434692,0.7016347646713257,0.5991312861442566,0.12550614774227142,-0.0833011046051979,0.8127631545066833,0.7929719686508179,0.7755284905433655,0.2012990266084671,0.7079605460166931,0.6774364113807678,0.11718899756669998,-0.14991848170757294,0.9292889833450317,0.7876819968223572,0.9276922941207886,0.14913062751293182,0.779794454574585,1
0.29305827617645264,0.8875038623809814,-0.18323874473571777,0.999714732170105,0.2789171636104584,0.8935872912406921,-0.21054252982139587,0.9994028806686401,0.2772611379623413,0.8911258578300476,-0.21082091331481934,0.9993919134140015,0.27551403641700745,0.889098048210144,-0.2107924371957779,0.9994750022888184,0.2794737219810486,0.8947283029556274,-0.17454048991203308,0.9993101954460144,0.27826449275016785,0.8928825259208679,-0.17492054402828217,0.9993801712989807,0.27680113911628723,0.8913785815238953,-0.17512552440166473,0.9995296597480774,0.2648668587207794,0.8597699999809265,-0.26277956366539,0.9997441172599792,0.26721203327178955,0.8652694225311279,-0.09790686517953873,0.9991580247879028,0.29786986112594604,0.8628488183021545,-0.1931585818529129,0.9993155002593994,0.2985302209854126,0.8646563291549683,-0.1475752294063568,0.9988210201263428,0.3166804015636444,0.7711147665977478,-0.316592812538147,0.9999874830245972,0.314372718334198,0.7572361826896667,0.04973730072379112,0.9997215270996094,0.42863863706588745,0.7633753418922424,-0.3637999892234802,0.9808300137519836,0.41974982619285583,0.7184628844261169,0.07848814874887466,0.005951095372438431,0.5292519330978394,0.795533299446106,-0.33937010169029236,0.8641021847724915,0.5032714605331421,0.7450072765350342,-0.004718074109405279,0.017673835158348083,0.5542813539505005,0.8004140853881836,-0.37253257632255554,0.8021054267883301,0.527014434337616,0.7507253289222717,-0.012045484967529774,0.021077744662761688,0.5555217862129211,0.8125888109207153,-0.3658418357372284,0.7838914394378662,0.5283166170120239,0.7587158679962158,-0.04153655096888542,0.020841078832745552,0.5480974316596985,0.8088424801826477,-0.3337438404560089,0.6306103467941284,0.5209083557128906,0.7556525468826294,-0.021256009116768837,0.021874142810702324,0.4879067540168762,0.6323166489601135,-0.11108898371458054,0.999993085861206,0.4958725571632385,0.6768200397491455,0.11101734638214111,0.9999890327453613,0.6078106164932251,0.4680922329425812,-0.1710583120584488,0.9846794009208679,0.6148293614387512,0.7652174830436707,0.14584097266197205,0.42049604654312134,0.614495038986206,0.17136931419372559,-0.08616416901350021,0.9340448379516602,0.7607516050338745,0.8032947182655334,0.20717763900756836,0.7003474235534668,0.599165141582489,0.12472426891326904,-0.08209209144115448,0.8127713203430176,0.7929733991622925,0.7755299210548401,0.20963744819164276,0.7066956758499146,0.6772801280021667,0.11722615361213684,-0.1495334506034851,0.9292508959770203,0.7873725295066833,0.9276387095451355,0.16046881675720215,0.7786921858787537,1
0.29308202862739563,0.8875610828399658,-0.18328170478343964,0.9997216463088989,0.27908414602279663,0.8936467170715332,-0.21059012413024902,0.9994189143180847,0.2774116098880768,0.8911807537078857,-0.21086938679218292,0.9994074106216431,0.2756930887699127,0.8891394734382629,-0.2108408510684967,0.999488115310669,0.2796187400817871,0.894795835018158,-0.1747576892375946,0.9993299245834351,0.2783831059932709,0.8929562568664551,-0.17513807117938995,0.9993970990180969,0.27689775824546814,0.891446590423584,-0.17534150183200836,0.9995429515838623,0.26513177156448364,0.8598950505256653,-0.26284945011138916,0.9997498393058777,0.26738280057907104,0.8653287887573242,-0.10019409656524658,0.9991804361343384,0.29792162775993347,0.8628787398338318,-0.19324159622192383,0.9993287920951843,0.29854854941368103,0.8646918535232544,-0.14814156293869019,0.9988473653793335,0.3169283866882324,0.7718042135238647,-0.31577393412590027,0.9999875426292419,0.3144221305847168,0.7571436166763306,0.04569833353161812,0.9997266530990601,0.4286482036113739,0.7634950876235962,-0.359584242105484,0.9802940487861633,0.4197690188884735,0.7196226716041565,0.07521991431713104,0.005660875700414181,0.5288737416267395,0.7958896160125732,-0.33435672521591187,0.8612858653068542,0.5041099190711975,0.7466539740562439,-0.006255847867578268,0.016357384622097015,0.5537987947463989,0.8010008931159973,-0.3674744963645935,0.7989327311515808,0.5279571413993835,0.7536725997924805,-0.013454223051667213,0.019664177671074867,0.5551687479019165,0.8129518032073975,-0.3608793020248413,0.780494749546051,0.5301296710968018,0.7632759809494019,-0.04341529682278633,0.01946115866303444,0.5477821826934814,0.8089090585708618,-0.328836590051651,0.6258127093315125,0.5217651128768921,0.7576143741607666,-0.02295135147869587,0.020441364496946335,0.4874601364135742,0.6330786943435669,-0.10983048379421234,0.999993085861206,0.4954705238342285,0.6757054328918457,0.10975364595651627,0.9999890923500061,0.6076311469078064,0.46793147921562195,-0.16809481382369995,0.9844943881034851,0.6148870587348938,0.7646995186805725,0.14457838237285614,0.41645294427871704,0.6144789457321167,0.1713278591632843,-0.0836310088634491,0.9337489008903503,0.7606789469718933,0.8029167652130127,0.2045840620994568,0.6988168358802795,0.5991615653038025,0.12474460154771805,-0.0796138122677803,0.8127639293670654,0.7929332256317139,0.7755267024040222,0.2070102095603943,0.7048330903053284,0.6773859858512878,0.11722012609243393,-0.14470095932483673,0.9291180968284607,0.7869798541069031,0.927582859992981,0.15880174934864044,0.7779691815376282,1
0.29321587085723877,0.8876088261604309,-0.18336540460586548,0.999723494052887,0.2793040871620178,0.8937158584594727,-0.2106543928384781,0.9994254112243652,0.27761542797088623,0.8912334442138672,-0.2109338641166687,0.9994138479232788,0.2759241461753845,0.8891746997833252,-0.21090523898601532,0.9994931221008301,0.27977192401885986,0.8948988914489746,-0.17487317323684692,0.9993374943733215,0.2784861922264099,0.8930692672729492,-0.17525407671928406,0.9994034171104431,0.27695658802986145,0.8915528059005737,-0.17545713484287262,0.9995478987693787,0.26544517278671265,0.8600556254386902,-0.2634015381336212,0.9997521638870239,0.2675042450428009,0.8654060363769531,-0.1002192348241806,0.9991875886917114,0.2980535626411438,0.8629381656646729,-0.1932620108127594,0.999331533908844,0.29861709475517273,0.8647518754005432,-0.1482372134923935,0.9988540410995483,0.31705722212791443,0.7722026705741882,-0.3169671595096588,0.9999876022338867,0.3144538998603821,0.7569229602813721,0.04573097452521324,0.9997281432151794,0.4285913407802582,0.7636110186576843,-0.3620203137397766,0.9801738262176514,0.41984593868255615,0.719807505607605,0.07602586597204208,0.005351197440177202,0.5287750363349915,0.7965505719184875,-0.3363977074623108,0.8595635890960693,0.5041856169700623,0.7469658851623535,-0.00605024816468358,0.015107023529708385,0.5535778403282166,0.802116870880127,-0.36974555253982544,0.7968985438346863,0.5279887914657593,0.7538800835609436,-0.013364930637180805,0.018311940133571625,0.5551178455352783,0.8138814568519592,-0.36276504397392273,0.7782683968544006,0.5301365852355957,0.763157308101654,-0.04358375445008278,0.018136752769351006,0.5477494597434998,0.8093783855438232,-0.3307076692581177,0.6222490072250366,0.5218425989151001,0.7576965093612671,-0.022937197238206863,0.019071869552135468,0.4872918128967285,0.6336170434951782,-0.10996421426534653,0.999993085861206,0.4952952265739441,0.6753066182136536,0.10988844931125641,0.9999890923500061,0.6075570583343506,0.4678891897201538,-0.16865578293800354,0.9845554828643799,0.6148807406425476,0.7644713521003723,0.14183148741722107,0.4141012132167816,0.6144845485687256,0.17133468389511108,-0.08351067453622818,0.9340913891792297,0.7606478333473206,0.802520215511322,0.2004520744085312,0.6989545226097107,0.5991608500480652,0.12480505555868149,-0.07950154691934586,0.8135400414466858,0.7929360270500183,0.7755078077316284,0.20258376002311707,0.705086350440979,0.6776395440101624,0.11724958568811417,-0.14465369284152985,0.9293023347854614,0.7866837978363037,0.9275468587875366,0.1531691551208496,0.7779826521873474,1
0.29348811507225037,0.8876461982727051,-0.18283607065677643,0.9997199773788452,0.27974215149879456,0.8937872648239136,-0.21008796989917755,0.9994205236434937,0.27800700068473816,0.8912885785102844,-0.21036452054977417,0.9994086027145386,0.27630192041397095,0.8892233967781067,-0.21033509075641632,0.9994882345199585,0.2801608145236969,0.8949940204620361,-0.1745792031288147,0.9993315935134888,0.27882325649261475,0.8931701183319092,-0.1749604195356369,0.9993976950645447,0.27723774313926697,0.8916424512863159,-0.1751626431941986,0.9995440244674683,0.26588335633277893,0.8603515028953552,-0.2631939649581909,0.9997493624687195,0.267831951379776,0.8654736280441284,-0.10031448304653168,0.9991800785064697,0.2982717752456665,0.862983226776123,-0.192857563495636,0.9993185997009277,0.2987816035747528,0.8647940754890442,-0.14806486666202545,0.9988345503807068,0.31726333498954773,0.7725813388824463,-0.31643977761268616,0.9999874830245972,0.3144831955432892,0.7568691968917847,0.04595888406038284,0.9997255802154541,0.42858684062957764,0.7638794779777527,-0.36194145679473877,0.9799939393997192,0.41987547278404236,0.7200434803962708,0.07665615528821945,0.005062408745288849,0.5287681818008423,0.797085702419281,-0.3366985321044922,0.8572580814361572,0.5040023922920227,0.7468398213386536,-0.0002017679944401607,0.013944683596491814,0.5535514950752258,0.8032522797584534,-0.37015047669410706,0.7939793467521667,0.52749103307724,0.7517213225364685,-0.0067483410239219666,0.017026154324412346,0.5551191568374634,0.8149157166481018,-0.36327412724494934,0.7751192450523376,0.5297647714614868,0.760924756526947,-0.036347270011901855,0.016874313354492188,0.5477734804153442,0.8099985718727112,-0.33104801177978516,0.6175607442855835,0.5218108296394348,0.7571390271186829,-0.016669292002916336,0.017763683572411537,0.4871252775192261,0.6338045597076416,-0.10980496555566788,0.9999929666519165,0.49505555629730225,0.6751298308372498,0.1097300574183464,0.9999890327453613,0.607482373714447,0.4678882360458374,-0.16897903382778168,0.9845222234725952,0.614868700504303,0.7643684148788452,0.1375838965177536,0.4115966856479645,0.6144880652427673,0.17130328714847565,-0.08254150301218033,0.9340001940727234,0.7606112360954285,0.8020740747451782,0.19561098515987396,0.6984476447105408,0.5991172790527344,0.12502239644527435,-0.0782935842871666,0.8134328722953796,0.7929350733757019,0.7754629850387573,0.19771678745746613,0.7044273614883423,0.6780860424041748,0.11729250848293304,-0.14285808801651,0.9289848208427429,0.7863980531692505,0.9272770285606384,0.1481904685497284,0.777267336845398,1
0.29403892159461975,0.8874542117118835,-0.1857762336730957,0.9997217059135437,0.2805336117744446,0.8937326669692993,-0.2129211127758026,0.999427855014801,0.27868545055389404,0.8912124633789062,-0.21319580078125,0.999415397644043,0.27689334750175476,0.8891664147377014,-0.21316272020339966,0.9994930624961853,0.2810334265232086,0.8950134515762329,-0.17743991315364838,0.9993404746055603,0.27968692779541016,0.8932202458381653,-0.1778234988451004,0.9994052648544312,0.27807584404945374,0.89169842004776,-0.17802686989307404,0.999549925327301,0.2661426365375519,0.8604134321212769,-0.26553207635879517,0.9997509717941284,0.268423467874527,0.8655338287353516,-0.10265711694955826,0.999189555644989,0.2985262870788574,0.862841010093689,-0.19561102986335754,0.9993202686309814,0.299069344997406,0.8647147417068481,-0.15080107748508453,0.9988416433334351,0.3173294961452484,0.7726216912269592,-0.31831738352775574,0.9999874830245972,0.3145069479942322,0.7568719983100891,0.045598216354846954,0.9997285008430481,0.42828670144081116,0.763954222202301,-0.3653180003166199,0.9797067046165466,0.4198284149169922,0.7201256155967712,0.07582385092973709,0.004826903343200684,0.528272271156311,0.7971105575561523,-0.3411644399166107,0.8542136549949646,0.5039834380149841,0.7467221617698669,-0.0069643231108784676,0.012960820458829403,0.5532963275909424,0.8038106560707092,-0.3747597634792328,0.7903021574020386,0.5272977352142334,0.7504409551620483,-0.014681341126561165,0.015968888998031616,0.5548244118690491,0.8155348300933838,-0.3681460916996002,0.7712618112564087,0.5295922160148621,0.7596995830535889,-0.04437161237001419,0.01583937741816044,0.5475132465362549,0.8103264570236206,-0.33557745814323425,0.6119109988212585,0.521857500076294,0.7569873929023743,-0.02367177978157997,0.0166841521859169,0.4864177703857422,0.6339095234870911,-0.10983899235725403,0.999992847442627,0.4945017695426941,0.6752289533615112,0.10976403206586838,0.9999889731407166,0.6074403524398804,0.4678763151168823,-0.1691591888666153,0.9844000339508057,0.6148563027381897,0.7643488645553589,0.13311776518821716,0.41097915172576904,0.6145411729812622,0.17106620967388153,-0.08377036452293396,0.9337409138679504,0.7604085206985474,0.8015907406806946,0.18780940771102905,0.6985205411911011,0.5991232991218567,0.1250416785478592,-0.07993051409721375,0.8123160004615784,0.7927146553993225,0.7753480076789856,0.18933112919330597,0.703903079032898,0.6785404086112976,0.11686006933450699,-0.1471606194972992,0.9286012649536133,0.7863604426383972,0.9272035956382751,0.1367795169353485,0.7770999670028687,1
0.29444167017936707,0.8871063590049744,-0.18579749763011932,0.9997264742851257,0.2811800241470337,0.8934523463249207,-0.2129075974225998,0.9994399547576904,0.27922454476356506,0.890915036201477,-0.21318215131759644,0.9994270205497742,0.2773447632789612,0.8889210820198059,-0.21314910054206848,0.9995020627975464,0.2818043529987335,0.8948941230773926,-0.1775703728199005,0.9993555545806885,0.2804727554321289,0.8931734561920166,-0.1779542863368988,0.9994184970855713,0.27885201573371887,0.8916918039321899,-0.17815737426280975,0.9995599985122681,0.26627296209335327,0.8604674339294434,-0.2652348279953003,0.999754786491394,0.2688865661621094,0.8655843138694763,-0.10337677597999573,0.9992077946662903,0.298674076795578,0.8625698685646057,-0.1956038922071457,0.9993265271186829,0.29928523302078247,0.8645485043525696,-0.15092767775058746,0.9988559484481812,0.31736403703689575,0.7728110551834106,-0.31651604175567627,0.9999874830245972,0.31452667713165283,0.756874144077301,0.044661544263362885,0.9997303485870361,0.4280491769313812,0.7639580368995667,-0.36346369981765747,0.9793639779090881,0.4198189675807953,0.7200679183006287,0.0734953060746193,0.00459642056375742,0.5282666087150574,0.7974677085876465,-0.3406204283237457,0.8514485359191895,0.5040106773376465,0.7463148236274719,-0.009833854623138905,0.012027109041810036,0.5532397627830505,0.8043237924575806,-0.3741970658302307,0.7871432304382324,0.5272359251976013,0.749351441860199,-0.017788460478186607,0.014942605048418045,0.5547177195549011,0.8160410523414612,-0.3675667941570282,0.7678971886634827,0.5294755697250366,0.7586690783500671,-0.04718732088804245,0.014830781146883965,0.5474247336387634,0.8107802867889404,-0.335070937871933,0.6069695353507996,0.5218970775604248,0.7567222118377686,-0.026395980268716812,0.015631165355443954,0.4859110414981842,0.6344559192657471,-0.10912945866584778,0.9999927878379822,0.49397554993629456,0.6752302646636963,0.10905516892671585,0.9999889135360718,0.6072779297828674,0.46787282824516296,-0.16742119193077087,0.9844014048576355,0.6148551106452942,0.7643617391586304,0.12804695963859558,0.4115673303604126,0.6147333383560181,0.17099100351333618,-0.08382366597652435,0.9339498281478882,0.7601333856582642,0.8014214038848877,0.18358106911182404,0.6986286044120789,0.5993379354476929,0.12498737126588821,-0.08009743690490723,0.8126708269119263,0.7924961447715759,0.7753493785858154,0.18529298901557922,0.7038978934288025,0.6789930462837219,0.11575261503458023,-0.14765067398548126,0.9287932515144348,0.7860967516899109,0.9271670579910278,0.13358034193515778,0.7772569060325623,1
0.29504022002220154,0.8863592147827148,-0.1857784241437912,0.9997332692146301,0.2821621298789978,0.8929033875465393,-0.2125963717699051,0.9994556903839111,0.2800790071487427,0.8903421759605408,-0.21286830306053162,0.9994428753852844,0.2780449688434601,0.8883707523345947,-0.21283377707004547,0.9995145201683044,0.2830321192741394,0.8946524262428284,-0.17756204307079315,0.999374270439148,0.281798779964447,0.8930575847625732,-0.17794595658779144,0.9994350075721741,0.2802416682243347,0.8916472792625427,-0.17814895510673523,0.9995720982551575,0.26643770933151245,0.8602861166000366,-0.2620723247528076,0.9997603893280029,0.2697250247001648,0.8656240105628967,-0.10338738560676575,0.9992308020591736,0.2988351583480835,0.8619862794876099,-0.19502942264080048,0.9993357062339783,0.29959529638290405,0.8641038537025452,-0.15091930329799652,0.9988739490509033,0.3174157440662384,0.7728607058525085,-0.3098297119140625,0.9999874830245972,0.31453368067741394,0.7568808197975159,0.04397096857428551,0.9997313022613525,0.427717387676239,0.7640538811683655,-0.3550019860267639,0.9793050289154053,0.41981470584869385,0.7202078700065613,0.07252033054828644,0.004440609831362963,0.5281978249549866,0.7979109287261963,-0.33441388607025146,0.8511269688606262,0.5041812062263489,0.7462672591209412,-0.009118292480707169,0.011238228529691696,0.5531136393547058,0.8047289848327637,-0.3676114082336426,0.7870090007781982,0.5275247097015381,0.7501665353775024,-0.016906647011637688,0.014080352149903774,0.554402232170105,0.8166165947914124,-0.36104869842529297,0.7678140997886658,0.5294803380966187,0.7585862874984741,-0.046247370541095734,0.01398512627929449,0.5471671223640442,0.811384379863739,-0.3289889693260193,0.60664302110672,0.5219640731811523,0.7567400932312012,-0.025593770667910576,0.014751622453331947,0.48570650815963745,0.6346394419670105,-0.10748127847909927,0.9999927282333374,0.4937819242477417,0.6749335527420044,0.10740597546100616,0.999988853931427,0.6072419285774231,0.46783867478370667,-0.16496451199054718,0.9845879673957825,0.6148547530174255,0.7643710374832153,0.126841202378273,0.416032999753952,0.6147580742835999,0.17111283540725708,-0.0836528092622757,0.9347265362739563,0.7598969340324402,0.8012973070144653,0.1827772557735443,0.7013262510299683,0.5994418263435364,0.12498760968446732,-0.08001758903265,0.8146697878837585,0.792340874671936,0.7753618359565735,0.18469159305095673,0.7062311172485352,0.6789882779121399,0.11548367142677307,-0.14715240895748138,0.9295949935913086,0.785766065120697,0.9271016120910645,0.1350058913230896,0.7792481780052185,1
0.29552462697029114,0.8853029608726501,-0.1857537478208542,0.9997397065162659,0.2828134596347809,0.8919162154197693,-0.2123384326696396,0.9994708895683289,0.2806489169597626,0.889343798160553,-0.21260790526866913,0.999457836151123,0.2784954905509949,0.8873552680015564,-0.21257200837135315,0.9995266795158386,0.2839072346687317,0.8941510319709778,-0.17749066650867462,0.9993914365768433,0.28278663754463196,0.8927552700042725,-0.17787519097328186,0.9994491338729858,0.28133875131607056,0.8914847373962402,-0.1780790537595749,0.9995824694633484,0.2665034532546997,0.859474778175354,-0.25988900661468506,0.9997652769088745,0.27049124240875244,0.8656501770019531,-0.10232492536306381,0.9992479681968689,0.29892703890800476,0.8611737489700317,-0.19441209733486176,0.9993394613265991,0.29991838335990906,0.8634017109870911,-0.15065032243728638,0.9988809823989868,0.3174702823162079,0.772874653339386,-0.30788454413414,0.9999874234199524,0.3145469129085541,0.7569339275360107,0.04499489441514015,0.9997290372848511,0.4271923005580902,0.7641794085502625,-0.3548043966293335,0.9790704846382141,0.4198070466518402,0.7203490138053894,0.07283436506986618,0.004265760537236929,0.5280221700668335,0.7981288433074951,-0.3336835205554962,0.848391592502594,0.5041958689689636,0.7462515234947205,-0.008239873684942722,0.01045090053230524,0.5530264973640442,0.8049933910369873,-0.3666892647743225,0.783600926399231,0.527421772480011,0.7493104934692383,-0.016059238463640213,0.013190286234021187,0.5541771054267883,0.8170937895774841,-0.35975682735443115,0.7642579674720764,0.5291484594345093,0.7577722072601318,-0.043709319084882736,0.013108308427035809,0.5469788908958435,0.8119283318519592,-0.3280586302280426,0.6019614934921265,0.5219813585281372,0.7567046880722046,-0.02403021976351738,0.01384450402110815,0.4854789972305298,0.6347867250442505,-0.10730520635843277,0.9999926090240479,0.4936474859714508,0.6749328970909119,0.10722964257001877,0.9999887347221375,0.6072322130203247,0.46783286333084106,-0.16496960818767548,0.9846149682998657,0.6148619055747986,0.7643799781799316,0.12798503041267395,0.4185240864753723,0.614811360836029,0.17118698358535767,-0.0844564288854599,0.9351213574409485,0.759766161441803,0.8012570738792419,0.18370066583156586,0.7026084661483765,0.5997113585472107,0.12492312490940094,-0.08100368082523346,0.8153676986694336,0.7922802567481995,0.7753579616546631,0.1861812174320221,0.7071934342384338,0.6789777874946594,0.115506611764431,-0.1483713537454605,0.9298668503761292,0.7854236960411072,0.927092432975769,0.13721217215061188,0.7796072363853455,1
0.29586130380630493,0.8839709758758545,-0.1899528205394745,0.9997557997703552,0.283185213804245,0.8908318281173706,-0.21528340876102448,0.9995056390762329,0.28095629811286926,0.8881872892379761,-0.21555158495903015,0.9994931817054749,0.2786897122859955,0.8859766721725464,-0.21551179885864258,0.999556839466095,0.28451257944107056,0.8936061263084412,-0.18023167550563812,0.9994309544563293,0.28356969356536865,0.8924461603164673,-0.18061727285385132,0.9994839429855347,0.282344788312912,0.8913445472717285,-0.18082121014595032,0.9996082186698914,0.2665311396121979,0.8579031229019165,-0.2599886655807495,0.9997796416282654,0.27136585116386414,0.8656762838363647,-0.10113222897052765,0.9992921948432922,0.29894164204597473,0.8600480556488037,-0.1964188665151596,0.9993724822998047,0.3001847565174103,0.8624463081359863,-0.15233823657035828,0.998935341835022,0.31743335723876953,0.7725306749343872,-0.3087201714515686,0.9999876618385315,0.31457358598709106,0.7572879195213318,0.050845034420490265,0.9997331500053406,0.42660367488861084,0.7644922733306885,-0.3553899824619293,0.9795497059822083,0.4196189045906067,0.7204298377037048,0.07549300789833069,0.004185847472399473,0.5277272462844849,0.798583984375,-0.3340318500995636,0.8509960174560547,0.5031046271324158,0.7446732521057129,-0.009646165184676647,0.009877394884824753,0.5528821349143982,0.8054444193840027,-0.367215633392334,0.7865971326828003,0.526445746421814,0.7474908828735352,-0.018449436873197556,0.01259668916463852,0.5539169311523438,0.8176364898681641,-0.3603198230266571,0.7675909399986267,0.5273504853248596,0.7553471922874451,-0.04599485546350479,0.012528344057500362,0.5467043519020081,0.8124883770942688,-0.32838594913482666,0.6062811613082886,0.5207796096801758,0.7542772889137268,-0.02562670223414898,0.013253911398351192,0.4850725531578064,0.634633481502533,-0.10842221230268478,0.9999925494194031,0.4934772849082947,0.6751290559768677,0.1083482876420021,0.9999887347221375,0.6072189211845398,0.4678816795349121,-0.16607311367988586,0.9850534796714783,0.6148415803909302,0.7643980979919434,0.13287092745304108,0.4276044964790344,0.6149328351020813,0.17089706659317017,-0.08985219895839691,0.9369673728942871,0.7596449255943298,0.8011460900306702,0.1987503618001938,0.7087458372116089,0.6001287698745728,0.12442850321531296,-0.08690126240253448,0.8190248608589172,0.792194664478302,0.7753422260284424,0.20172834396362305,0.7126473188400269,0.6789717078208923,0.1155308336019516,-0.15887151658535004,0.9317677617073059,0.7852178812026978,0.9270967245101929,0.15028813481330872,0.7839363217353821,1
0.2960776388645172,0.8831544518470764,-0.1930079609155655,0.9997681975364685,0.28339555859565735,0.8900250196456909,-0.216886505484581,0.9995331168174744,0.28113529086112976,0.8873380422592163,-0.21715164184570312,0.9995205402374268,0.27880871295928955,0.8849939107894897,-0.21710973978042603,0.9995799660682678,0.2848745584487915,0.8931311964988708,-0.18288126587867737,0.9994624853134155,0.28403475880622864,0.8921302556991577,-0.1832728385925293,0.9995113015174866,0.2829274833202362,0.891163170337677,-0.1834821254014969,0.9996283650398254,0.2665538489818573,0.8567062616348267,-0.2576022148132324,0.9997901916503906,0.2718653976917267,0.8656889796257019,-0.10115695744752884,0.9993270635604858,0.2989577054977417,0.859317421913147,-0.19751524925231934,0.9993946552276611,0.3003726601600647,0.8617836236953735,-0.1546434909105301,0.9989731907844543,0.3174108862876892,0.7723197340965271,-0.30227944254875183,0.9999876022338867,0.3145948052406311,0.7574797868728638,0.050717756152153015,0.9997334480285645,0.42603790760040283,0.7646405696868896,-0.34816136956214905,0.9795881509780884,0.4194934070110321,0.7204385995864868,0.07438108325004578,0.0041380152106285095,0.5273545980453491,0.7987369298934937,-0.32892757654190063,0.8510567545890808,0.5025864839553833,0.7434989213943481,-0.01211763545870781,0.009377014823257923,0.5526230335235596,0.8056377172470093,-0.36202770471572876,0.7867947220802307,0.525844156742096,0.746139645576477,-0.02148234099149704,0.012068767100572586,0.5535982251167297,0.8178577423095703,-0.355875700712204,0.7679927349090576,0.5266985297203064,0.7538242340087891,-0.04839571192860603,0.012009532190859318,0.546416163444519,0.8126716017723083,-0.3236165940761566,0.6069626212120056,0.5202701687812805,0.7525381445884705,-0.027781594544649124,0.012717092409729958,0.4844982326030731,0.6344314217567444,-0.10772538930177689,0.9999924898147583,0.4932929575443268,0.6752824783325195,0.107647605240345,0.9999886751174927,0.6072153449058533,0.4678489863872528,-0.16625015437602997,0.985449492931366,0.6148471832275391,0.7644146084785461,0.1305091828107834,0.43973830342292786,0.615058183670044,0.17057844996452332,-0.09041140228509903,0.938603937625885,0.7595769166946411,0.8010550737380981,0.19532570242881775,0.7158538103103638,0.6002492308616638,0.12425414472818375,-0.08744791895151138,0.8223064541816711,0.7921884655952454,0.7753053903579712,0.1983097940683365,0.7184262275695801,0.6789671778678894,0.11556066572666168,-0.1579069197177887,0.9332437515258789,0.7850664258003235,0.9271510243415833,0.1481168568134308,0.788396418094635,1
0.2962208092212677,0.8823667764663696,-0.19299332797527313,0.9997780919075012,0.28346478939056396,0.88926762342453,-0.21679969131946564,0.9995555877685547,0.28118324279785156,0.8865552544593811,-0.2170659750699997,0.9995431303977966,0.2788304388523102,0.8840891122817993,-0.2170250564813614,0.9995989203453064,0.285028874874115,0.8926007151603699,-0.1829475462436676,0.9994878768920898,0.28423064947128296,0.8917297720909119,-0.1833404153585434,0.9995331764221191,0.28316643834114075,0.8908795118331909,-0.183551624417305,0.9996441602706909,0.2665669322013855,0.8555476665496826,-0.25541844964027405,0.9997991323471069,0.2720612585544586,0.8656482100486755,-0.1007142961025238,0.9993547201156616,0.2989834249019623,0.8585286736488342,-0.19744600355625153,0.9994126558303833,0.30050140619277954,0.8611115217208862,-0.15467707812786102,0.9990019202232361,0.31722527742385864,0.7719389200210571,-0.29958242177963257,0.9999876022338867,0.31464093923568726,0.7578745484352112,0.050645340234041214,0.9997344613075256,0.4253039062023163,0.7646762132644653,-0.3454207181930542,0.9796661734580994,0.4193113148212433,0.7205238342285156,0.074170783162117,0.004126752261072397,0.5267857909202576,0.7988535165786743,-0.3262679874897003,0.8514105677604675,0.5025832056999207,0.7434933185577393,-0.014071828685700893,0.008956870064139366,0.5522254109382629,0.8057390451431274,-0.3593800961971283,0.787293016910553,0.5255808234214783,0.7456179261207581,-0.023801390081644058,0.011641578748822212,0.553169846534729,0.8181495666503906,-0.3533613383769989,0.768709659576416,0.5265030264854431,0.7531288862228394,-0.050638701766729355,0.01159178651869297,0.5460193157196045,0.8129257559776306,-0.3209936022758484,0.6080780029296875,0.5202872157096863,0.7526249289512634,-0.029704850167036057,0.012285228818655014,0.4839915633201599,0.6341638565063477,-0.10733707249164581,0.9999924302101135,0.49307316541671753,0.6754711866378784,0.10725783556699753,0.9999886155128479,0.6071561574935913,0.4678444564342499,-0.16638614237308502,0.9857708215713501,0.614864706993103,0.7645111083984375,0.12993066012859344,0.45128515362739563,0.6152522563934326,0.17053978145122528,-0.09201350808143616,0.9399979710578918,0.759563148021698,0.8009178042411804,0.1919916570186615,0.7224313020706177,0.6002676486968994,0.12424544245004654,-0.08925087749958038,0.8251044154167175,0.7921882271766663,0.7752014398574829,0.19456395506858826,0.7237082123756409,0.6789587140083313,0.11559547483921051,-0.1596808135509491,0.9344782829284668,0.7850180268287659,0.9271470904350281,0.143940731883049,0.7924246788024902,1
0.29625269770622253,0.8820067048072815,-0.19260914623737335,0.9997881054878235,0.28346681594848633,0.8889064192771912,-0.21669286489486694,0.9995773434638977,0.2811858057975769,0.886177122592926,-0.21695809066295624,0.9995648860931396,0.27883851528167725,0.8836866021156311,-0.21691584587097168,0.9996174573898315,0.2850460410118103,0.892305314540863,-0.18281182646751404,0.9995129704475403,0.2842506766319275,0.8914690613746643,-0.18320372700691223,0.9995550513267517,0.2831866145133972,0.8906548619270325,-0.18341371417045593,0.9996604919433594,0.26657435297966003,0.8550699949264526,-0.2549836337566376,0.9998078346252441,0.2720986008644104,0.8655692338943481,-0.10014409571886063,0.9993832111358643,0.2990068197250366,0.8581192493438721,-0.19718657433986664,0.9994333982467651,0.3005255162715912,0.8607414364814758,-0.154617041349411,0.9990372061729431,0.3169012665748596,0.771647572517395,-0.30010756850242615,0.9999877214431763,0.31469157338142395,0.758388876914978,0.05069463700056076,0.9997376203536987,0.42482468485832214,0.7647165656089783,-0.345821738243103,0.9797261357307434,0.4192519187927246,0.7214607000350952,0.07426515221595764,0.004101091530174017,0.5263212323188782,0.798836886882782,-0.32593026757240295,0.8516157865524292,0.5025953650474548,0.7447881698608398,-0.0145090501755476,0.008558003231883049,0.5519881844520569,0.8057217597961426,-0.359099805355072,0.7875970602035522,0.5255913138389587,0.7485264539718628,-0.02420174889266491,0.011227165348827839,0.5528982877731323,0.8182083964347839,-0.353121280670166,0.7691148519515991,0.52653968334198,0.7546054720878601,-0.051275648176670074,0.01118529960513115,0.5456872582435608,0.8129660487174988,-0.320645809173584,0.6086280941963196,0.5203276872634888,0.7547745704650879,-0.03024187497794628,0.01186547614634037,0.4837098717689514,0.6340000629425049,-0.10722298175096512,0.9999924302101135,0.4930070638656616,0.6761519908905029,0.1071428507566452,0.9999886751174927,0.6070030331611633,0.46752768754959106,-0.16647671163082123,0.9860474467277527,0.6148784756660461,0.7647371292114258,0.13007910549640656,0.45861706137657166,0.6152884364128113,0.17034204304218292,-0.09174489229917526,0.9411678314208984,0.7595109939575195,0.8006362915039062,0.19271202385425568,0.7265488505363464,0.6002670526504517,0.12415091693401337,-0.08886416256427765,0.8272966146469116,0.7921906113624573,0.7749948501586914,0.19536170363426208,0.726961612701416,0.6789519190788269,0.11578718572854996,-0.15867798030376434,0.9355602860450745,0.7849836349487305,0.9270000457763672,0.14523880183696747,0.7949716448783875,1
0.29632800817489624,0.8819878697395325,-0.19420340657234192,0.9997972249984741,0.28351402282714844,0.8888711333274841,-0.21863237023353577,0.9995961785316467,0.281229704618454,0.8861374258995056,-0.21889883279800415,0.9995838403701782,0.27888670563697815,0.8836750984191895,-0.2188582867383957,0.9996335506439209,0.2851118743419647,0.8922411799430847,-0.18494032323360443,0.9995348453521729,0.2843146026134491,0.8913946151733398,-0.1853329986333847,0.9995743036270142,0.28324204683303833,0.8905704617500305,-0.18554186820983887,0.999674916267395,0.2666272222995758,0.855104923248291,-0.2578984498977661,0.9998154640197754,0.2721274793148041,0.8655161261558533,-0.10402757674455643,0.9994094967842102,0.2990489900112152,0.8581079840660095,-0.19927045702934265,0.9994527101516724,0.30058497190475464,0.8606921434402466,-0.1568763256072998,0.9990705847740173,0.3167268633842468,0.7713801264762878,-0.30052629113197327,0.9999878406524658,0.31487277150154114,0.7587035298347473,0.0445125550031662,0.9997429847717285,0.42458784580230713,0.764723002910614,-0.3470844626426697,0.9797782897949219,0.41924476623535156,0.7218188643455505,0.07030995935201645,0.004152323119342327,0.5260330438613892,0.7988324761390686,-0.32658150792121887,0.8523896336555481,0.502672553062439,0.7461315989494324,-0.01455352921038866,0.008276348933577538,0.5518315434455872,0.8057040572166443,-0.3599081337451935,0.7886296510696411,0.5257038474082947,0.7503176927566528,-0.023780712857842445,0.01094606053084135,0.5527670979499817,0.818336009979248,-0.35370805859565735,0.7702617645263672,0.5266405344009399,0.7567284107208252,-0.05112431198358536,0.010914669372141361,0.5455338358879089,0.8131115436553955,-0.321196585893631,0.6102322936058044,0.5204240679740906,0.7567461729049683,-0.030272800475358963,0.011587751097977161,0.48358264565467834,0.6337351202964783,-0.10620377957820892,0.9999923706054688,0.49297958612442017,0.6765186786651611,0.10611885040998459,0.9999886155128479,0.6069120764732361,0.4673129916191101,-0.16596581041812897,0.9860077500343323,0.6148741245269775,0.7648359537124634,0.1278005987405777,0.4633307456970215,0.6153676509857178,0.17001502215862274,-0.091507688164711,0.940854549407959,0.759452760219574,0.8004011511802673,0.1894865185022354,0.7268940806388855,0.6002692580223083,0.12399549037218094,-0.08848413079977036,0.8264431953430176,0.792181670665741,0.7747947573661804,0.19214169681072235,0.7268552184104919,0.6788577437400818,0.1158924326300621,-0.15852339565753937,0.9352855682373047,0.7849867939949036,0.926908552646637,0.14381109178066254,0.7949735522270203,1
0.2963324189186096,0.8820009827613831,-0.19423526525497437,0.9998050332069397,0.28352171182632446,0.8888978362083435,-0.2198324203491211,0.999613881111145,0.28124386072158813,0.8861640095710754,-0.22010749578475952,0.9996025562286377,0.2789226472377777,0.8837101459503174,-0.2200717329978943,0.9996500015258789,0.28511086106300354,0.8922433257102966,-0.18502084910869598,0.9995536208152771,0.28430986404418945,0.8913784027099609,-0.1854100078344345,0.9995908737182617,0.2832304537296295,0.8905289173126221,-0.18561634421348572,0.9996867179870605,0.26678574085235596,0.8551608920097351,-0.26674890518188477,0.9998242259025574,0.27211716771125793,0.8654602766036987,-0.1045626625418663,0.9994301199913025,0.2990866005420685,0.8581246733665466,-0.20111580193042755,0.9994757175445557,0.3006003797054291,0.8607265949249268,-0.15707048773765564,0.9991053938865662,0.3166637718677521,0.7713420391082764,-0.31931033730506897,0.9999882578849792,0.3148978054523468,0.7590755224227905,0.046660829335451126,0.9997471570968628,0.4246015250682831,0.7647411823272705,-0.3660137951374054,0.9805103540420532,0.4189901649951935,0.721964955329895,0.07356149703264236,0.004081017337739468,0.525971531867981,0.7987886071205139,-0.3410561978816986,0.8571181893348694,0.5023948550224304,0.7462934255599976,-0.014180140569806099,0.007852388545870781,0.5518000721931458,0.8056321144104004,-0.37579575181007385,0.7942231297492981,0.5256696939468384,0.7506686449050903,-0.023220377042889595,0.010491165332496166,0.5527468323707581,0.8183356523513794,-0.3693251609802246,0.776188850402832,0.5265766978263855,0.7567890286445618,-0.051189176738262177,0.010467744432389736,0.5454735159873962,0.8131088614463806,-0.335377961397171,0.6179977655410767,0.5203073620796204,0.7570411562919617,-0.03021787479519844,0.011140982620418072,0.4835764467716217,0.6335640549659729,-0.11036314070224762,0.9999924898147583,0.4929831922054291,0.6772133708000183,0.11028559505939484,0.9999887347221375,0.6069077849388123,0.46723976731300354,-0.1739775389432907,0.9864077568054199,0.6148754954338074,0.7649770379066467,0.1381256878376007,0.46822690963745117,0.6154981255531311,0.1700088381767273,-0.09544868022203445,0.9422808885574341,0.7593714594841003,0.8003475069999695,0.20375394821166992,0.7310246825218201,0.6002734899520874,0.12398175895214081,-0.0923042967915535,0.8288472294807434,0.7921486496925354,0.774652361869812,0.2063526213169098,0.7306928634643555,0.6788466572761536,0.1161005049943924,-0.16497650742530823,0.936660885810852,0.785001814365387,0.9268573522567749,0.1546955555677414,0.7980445623397827,1
0.29637831449508667,0.8824399709701538,-0.19485314190387726,0.9998030066490173,0.28354528546333313,0.889369010925293,-0.2219853699207306,0.9996137619018555,0.28128358721733093,0.8866515755653381,-0.22226719558238983,0.9996029138565063,0.2789897322654724,0.8843290209770203,-0.22223639488220215,0.9996510148048401,0.28510621190071106,0.8924524188041687,-0.18614962697029114,0.999550998210907,0.2842753827571869,0.8915022611618042,-0.18653464317321777,0.9995876550674438,0.2831256687641144,0.8905861973762512,-0.18673968315124512,0.999683678150177,0.26696398854255676,0.8561768531799316,-0.2760663330554962,0.9998260736465454,0.27205583453178406,0.8654665946960449,-0.10872398316860199,0.9994264841079712,0.29930946230888367,0.858806312084198,-0.2040129154920578,0.9994795918464661,0.30065789818763733,0.8612979650497437,-0.15848830342292786,0.9991062879562378,0.3165953755378723,0.771297037601471,-0.3311662971973419,0.9999884963035583,0.3147791624069214,0.7595288753509521,0.04560599848628044,0.9997466206550598,0.42468971014022827,0.7647731304168701,-0.378526508808136,0.9809010624885559,0.4182189404964447,0.7204405665397644,0.07349797338247299,0.003924865275621414,0.5259355902671814,0.7987759709358215,-0.350981205701828,0.8590384721755981,0.5017514228820801,0.7441127300262451,-0.0141758369281888,0.007391434162855148,0.5517732501029968,0.8055666089057922,-0.385685533285141,0.7960729002952576,0.5250457525253296,0.7473064661026001,-0.022907521575689316,0.009962248615920544,0.5527451634407043,0.8183449506759644,-0.3787368834018707,0.7780669927597046,0.5263668298721313,0.7547081112861633,-0.0514574833214283,0.009946410544216633,0.5454544425010681,0.8131275773048401,-0.34504517912864685,0.6197240948677063,0.5197215676307678,0.7532466650009155,-0.03053360804915428,0.010604888200759888,0.48357954621315,0.6335099935531616,-0.11289449036121368,0.9999925494194031,0.49294549226760864,0.6772246360778809,0.11281540244817734,0.9999887347221375,0.6069242358207703,0.4672689735889435,-0.17711132764816284,0.9865816235542297,0.6148108839988708,0.7652465105056763,0.14215819537639618,0.4645935893058777,0.6156794428825378,0.16993263363838196,-0.0978500097990036,0.9431917071342468,0.7594702839851379,0.8001901507377625,0.21076561510562897,0.7307824492454529,0.6002891063690186,0.12391846626996994,-0.09468970447778702,0.8301471471786499,0.7922763228416443,0.774437665939331,0.2135746031999588,0.7312439680099487,0.6788820028305054,0.11611878871917725,-0.16803327202796936,0.9374467730522156,0.7850250005722046,0.9268545508384705,0.1619262844324112,0.7978928089141846,1
0.2969617545604706,0.8845677971839905,-0.1887444406747818,0.9997944235801697,0.2840292155742645,0.8915424346923828,-0.2171163111925125,0.9996017217636108,0.28180161118507385,0.8889185786247253,-0.21739937365055084,0.9995909333229065,0.27948054671287537,0.8866963982582092,-0.21737174689769745,0.9996416568756104,0.2853151857852936,0.89388108253479,-0.18087011575698853,0.9995352029800415,0.28433504700660706,0.8926201462745667,-0.18125301599502563,0.9995725750923157,0.2831134796142578,0.8913852572441101,-0.18145789206027985,0.9996724128723145,0.26762592792510986,0.8593142032623291,-0.2735196352005005,0.9998225569725037,0.2720533609390259,0.8656126856803894,-0.10793160647153854,0.9994080662727356,0.30018484592437744,0.861208438873291,-0.2002745121717453,0.999468207359314,0.3011271059513092,0.8634859919548035,-0.1542012095451355,0.9990822672843933,0.3170545697212219,0.7716851234436035,-0.32655587792396545,0.9999885559082031,0.3146883249282837,0.7595791816711426,0.04584585502743721,0.999741792678833,0.42558279633522034,0.7647609114646912,-0.37337982654571533,0.9809027314186096,0.4176749885082245,0.7170556783676147,0.0753699541091919,0.0037255387287586927,0.5259600281715393,0.7988929152488708,-0.34825599193573,0.8582867980003357,0.5010427236557007,0.7400235533714294,-0.009059016592800617,0.006922184489667416,0.5517750382423401,0.8055304884910583,-0.38156643509864807,0.794713020324707,0.5245641469955444,0.7436813712120056,-0.016606729477643967,0.009403932839632034,0.5527692437171936,0.8183681964874268,-0.37387359142303467,0.7764843702316284,0.5259385704994202,0.7511049509048462,-0.04577963054180145,0.009393163025379181,0.5454650521278381,0.813146710395813,-0.34174245595932007,0.6168018579483032,0.5190755128860474,0.7486305236816406,-0.02562641352415085,0.010025601834058762,0.4835587739944458,0.6336471438407898,-0.11292421072721481,0.9999925494194031,0.4928671717643738,0.6768998503684998,0.11284448951482773,0.9999886155128479,0.606974720954895,0.4675094485282898,-0.17634789645671844,0.9866466522216797,0.6148633360862732,0.7658492922782898,0.14452674984931946,0.45675018429756165,0.6156931519508362,0.1698983907699585,-0.0969427153468132,0.9435521364212036,0.7595179677009583,0.8001089692115784,0.2131492644548416,0.7282196283340454,0.6002737283706665,0.12384211272001266,-0.09372604638338089,0.8304898738861084,0.792275071144104,0.7743595242500305,0.21595419943332672,0.7294806838035583,0.6788839101791382,0.11613525450229645,-0.16584256291389465,0.9377723336219788,0.7852318286895752,0.9269187450408936,0.16536779701709747,0.796038806438446,1
0.29867029190063477,0.8854617476463318,-0.19150465726852417,0.9997920393943787,0.285623162984848,0.8921732902526855,-0.22070099413394928,0.9996006488800049,0.283302366733551,0.889480471611023,-0.22098541259765625,0.9995898008346558,0.2808406949043274,0.8872767090797424,-0.22095683217048645,0.9996414184570312,0.28686946630477905,0.8943825364112854,-0.18367113173007965,0.9995320439338684,0.2856723964214325,0.8930130004882812,-0.18404796719551086,0.999568521976471,0.2841406464576721,0.8916544318199158,-0.18424861133098602,0.9996691346168518,0.2686561942100525,0.8604122400283813,-0.2786642611026764,0.9998225569725037,0.2726345658302307,0.8656392693519592,-0.10957087576389313,0.9994009733200073,0.30183887481689453,0.8620446920394897,-0.20342974364757538,0.9994677305221558,0.3028891384601593,0.8642409443855286,-0.15647228062152863,0.9990760087966919,0.31769177317619324,0.7724549770355225,-0.3332863748073578,0.9999887347221375,0.31483080983161926,0.759132981300354,0.04504688084125519,0.9997404217720032,0.42591366171836853,0.7647740244865417,-0.3835686147212982,0.9811791181564331,0.4176810681819916,0.7136519551277161,0.07537064701318741,0.0035755131393671036,0.5264286398887634,0.7989348769187927,-0.3595987558364868,0.8604112267494202,0.5008900761604309,0.7381417751312256,-0.008310981094837189,0.006555086467415094,0.5521014332771301,0.8051733374595642,-0.3940781056880951,0.7966885566711426,0.5245576500892639,0.7401237487792969,-0.015630677342414856,0.008973132818937302,0.553466260433197,0.8183555603027344,-0.3866010904312134,0.7785072922706604,0.5260031223297119,0.7499204277992249,-0.0453103743493557,0.00897191371768713,0.545978844165802,0.813201904296875,-0.35340675711631775,0.618476152420044,0.5191053152084351,0.7467732429504395,-0.025114823132753372,0.009588459506630898,0.48361822962760925,0.6336578130722046,-0.11379825323820114,0.9999925494194031,0.49298998713493347,0.6770334839820862,0.11371705681085587,0.9999885559082031,0.6075713038444519,0.4675133228302002,-0.17813369631767273,0.9864758849143982,0.6150176525115967,0.7669091820716858,0.14716573059558868,0.4509178698062897,0.6156883835792542,0.16948318481445312,-0.09642039984464645,0.9428094625473022,0.7596855759620667,0.800122857093811,0.2212584763765335,0.7253979444503784,0.6002684831619263,0.1232685074210167,-0.09332194179296494,0.8278383612632751,0.792401134967804,0.7743525505065918,0.22465848922729492,0.7274267077445984,0.6788431406021118,0.1168564185500145,-0.1650935262441635,0.9372225403785706,0.7854511141777039,0.9276180863380432,0.17281515896320343,0.7942484617233276,1
0.3014429211616516,0.8876751661300659,-0.17662757635116577,0.9997871518135071,0.28857991099357605,0.8941535949707031,-0.20503045618534088,0.9995929598808289,0.2863456904888153,0.8915262222290039,-0.20530730485916138,0.999582052230835,0.28377068042755127,0.8891701102256775,-0.20527629554271698,0.999634325504303,0.2895890772342682,0.8958455324172974,-0.16935110092163086,0.9995215535163879,0.2883935570716858,0.8943737745285034,-0.16972659528255463,0.9995593428611755,0.2867075204849243,0.8927642703056335,-0.16992320120334625,0.9996614456176758,0.2710550129413605,0.8624843955039978,-0.2636464834213257,0.999820351600647,0.27408549189567566,0.865920901298523,-0.09930625557899475,0.999392032623291,0.30487218499183655,0.8637042045593262,-0.18837794661521912,0.9994553327560425,0.30584418773651123,0.865722119808197,-0.14313091337680817,0.9990519285202026,0.3200860321521759,0.7763087749481201,-0.3190590441226959,0.9999886751174927,0.31554049253463745,0.7580116987228394,0.0478312149643898,0.999733030796051,0.427258163690567,0.7645392417907715,-0.37302106618881226,0.9816483855247498,0.4188840985298157,0.7130445241928101,0.07688099890947342,0.003431149059906602,0.5280539989471436,0.7986168265342712,-0.35520943999290466,0.8633463978767395,0.5030709505081177,0.7377112507820129,-0.00025372253730893135,0.006202998571097851,0.5532242655754089,0.8045074939727783,-0.3894616961479187,0.8004639148712158,0.5277515053749084,0.7389744520187378,-0.006563415285199881,0.008554493077099323,0.5548902153968811,0.8181298971176147,-0.3797382414340973,0.7824128866195679,0.5286958813667297,0.7486103773117065,-0.0353144034743309,0.00855674035847187,0.5471041798591614,0.8130795955657959,-0.3484650254249573,0.6234855651855469,0.5221129059791565,0.7464765310287476,-0.016458041965961456,0.009161585941910744,0.48574039340019226,0.6333904266357422,-0.1127580851316452,0.9999925494194031,0.49426549673080444,0.6754487156867981,0.11267704516649246,0.9999884963035583,0.6096857190132141,0.4667972922325134,-0.17631176114082336,0.9867807626724243,0.6149147152900696,0.7697139978408813,0.14572899043560028,0.4476320147514343,0.6155878901481628,0.1693332940340042,-0.08781395107507706,0.9435559511184692,0.7597281336784363,0.8003643751144409,0.2165827602148056,0.7257644534111023,0.6002020239830017,0.12326719611883163,-0.08311501890420914,0.831037700176239,0.7924142479896545,0.7743639945983887,0.21966420114040375,0.7292484045028687,0.6785039901733398,0.11709900945425034,-0.14542937278747559,0.9379903078079224,0.7856193780899048,0.9278272390365601,0.17019078135490417,0.7943474650382996,1
0.3052091896533966,0.8902097940444946,-0.16853205859661102,0.9997695088386536,0.2927268147468567,0.8960713148117065,-0.1968497484922409,0.9995588064193726,0.2907654345035553,0.8933707475662231,-0.1971208155155182,0.9995455741882324,0.2885194718837738,0.8907000422477722,-0.19709043204784393,0.9996021389961243,0.2935981750488281,0.8974458575248718,-0.16109699010849,0.9994829297065735,0.29242798686027527,0.8957230448722839,-0.16147755086421967,0.9995244741439819,0.2909541428089142,0.8938501477241516,-0.16168250143527985,0.9996347427368164,0.27680832147598267,0.8638573884963989,-0.25418418645858765,0.9998051524162292,0.27887430787086487,0.8662112355232239,-0.08946596831083298,0.9993509650230408,0.3095126748085022,0.8657439351081848,-0.1796770840883255,0.9994085431098938,0.3101947009563446,0.8675022721290588,-0.13431872427463531,0.9989718794822693,0.32233092188835144,0.7791034579277039,-0.3094804584980011,0.9999880790710449,0.31787967681884766,0.7570824027061462,0.05629678815603256,0.9997203946113586,0.43010151386260986,0.7643883228302002,-0.36683952808380127,0.9817007184028625,0.4212966561317444,0.7122292518615723,0.08367716521024704,0.0032756405416876078,0.5308383107185364,0.7984254360198975,-0.3545364439487457,0.8615626096725464,0.5065590143203735,0.7381647825241089,0.0053967866115272045,0.0058743637055158615,0.5554344058036804,0.8039990663528442,-0.38884004950523376,0.7981651425361633,0.530788004398346,0.7391127347946167,-0.001007355167530477,0.008164267987012863,0.5574687123298645,0.8174909949302673,-0.37865564227104187,0.7798665165901184,0.530893862247467,0.7490184903144836,-0.029623370617628098,0.00816752202808857,0.5492070913314819,0.8129557967185974,-0.347931832075119,0.6197980642318726,0.5250682234764099,0.7477547526359558,-0.01080761756747961,0.008765572682023048,0.4897827208042145,0.6323053240776062,-0.11252684891223907,0.9999923706054688,0.49719056487083435,0.6735159754753113,0.11244792491197586,0.999988317489624,0.614341139793396,0.46608635783195496,-0.17688703536987305,0.9868365526199341,0.6134448647499084,0.7745411396026611,0.11975440382957458,0.44816017150878906,0.6155038475990295,0.1693142056465149,-0.0879119485616684,0.9426404237747192,0.759675145149231,0.800447940826416,0.1742238998413086,0.7246272563934326,0.5997900366783142,0.12388648837804794,-0.08353821933269501,0.8300131559371948,0.7923914790153503,0.7742573022842407,0.17607955634593964,0.7295815348625183,0.6778677105903625,0.11785206943750381,-0.14480824768543243,0.9365163445472717,0.7859931588172913,0.9279738664627075,0.13234968483448029,0.7918724417686462,1
0.3097023665904999,0.8939916491508484,-0.15215280652046204,0.9997054934501648,0.2980768382549286,0.9003129005432129,-0.1815185844898224,0.9994513392448425,0.2959538400173187,0.8969837427139282,-0.18179413676261902,0.9994291663169861,0.2937246561050415,0.8940165638923645,-0.18177124857902527,0.999508261680603,0.29896965622901917,0.9016268849372864,-0.14264078438282013,0.9993491172790527,0.29772666096687317,0.8993232250213623,-0.14302420616149902,0.9993964433670044,0.29619449377059937,0.8969930410385132,-0.1432333141565323,0.9995381832122803,0.28194835782051086,0.8660708665847778,-0.2412128448486328,0.9997543096542358,0.2837486267089844,0.8673999309539795,-0.06220632046461105,0.9991588592529297,0.3141457736492157,0.8689009547233582,-0.16395170986652374,0.9992255568504333,0.3147777318954468,0.8705826997756958,-0.11446744948625565,0.9986242055892944,0.3266628682613373,0.7834926843643188,-0.303521990776062,0.9999865293502808,0.32225605845451355,0.756000816822052,0.09100369364023209,0.9996755719184875,0.4360746741294861,0.764374852180481,-0.36669525504112244,0.9799224138259888,0.42225322127342224,0.7033732533454895,0.11717533320188522,0.0030315930489450693,0.53436279296875,0.7985928654670715,-0.3529333770275116,0.8440642356872559,0.503280520439148,0.7230750322341919,0.03033553995192051,0.005412586033344269,0.5587389469146729,0.8040912747383118,-0.38789910078048706,0.7776589393615723,0.5277591943740845,0.7238329648971558,0.024595174938440323,0.007572700269520283,0.5611487030982971,0.8174182176589966,-0.37644532322883606,0.7580093145370483,0.5271055102348328,0.7337146997451782,-0.003970311488956213,0.007572992239147425,0.5526543855667114,0.8129544854164124,-0.34779495000839233,0.5947335362434387,0.5218526124954224,0.7310941219329834,0.013694831170141697,0.008144290186464787,0.49399808049201965,0.6285038590431213,-0.11735618114471436,0.9999920129776001,0.5011897683143616,0.6708190441131592,0.11726881563663483,0.9999879598617554,0.6202844977378845,0.46609798073768616,-0.20070235431194305,0.9865742921829224,0.6122048497200012,0.7812322378158569,0.10326918959617615,0.44529202580451965,0.615541398525238,0.1692579686641693,-0.11785636097192764,0.9407468438148499,0.7596684098243713,0.8006989359855652,0.14582319557666779,0.7236518263816833,0.5997759103775024,0.12443507462739944,-0.11349301040172577,0.8261646628379822,0.792378842830658,0.7742298245429993,0.1463291198015213,0.7295407056808472,0.6773126721382141,0.11651749908924103,-0.17662514746189117,0.9330931901931763,0.786173403263092,0.9280226826667786,0.09799876809120178,0.7880917191505432,1
0.3179279565811157,0.894147515296936,-0.15001524984836578,0.9996908903121948,0.30577194690704346,0.9005728363990784,-0.17725244164466858,0.9994326829910278,0.30353450775146484,0.8972156643867493,-0.17751693725585938,0.9994053244590759,0.30115407705307007,0.8943365216255188,-0.17748983204364777,0.999488890171051,0.30687835812568665,0.9022396206855774,-0.13974983990192413,0.9993260502815247,0.3055197298526764,0.9001710414886475,-0.14014749228954315,0.9993733167648315,0.30383625626564026,0.898178219795227,-0.1403491050004959,0.9995197057723999,0.2878046929836273,0.8667839169502258,-0.2289382666349411,0.9997417330741882,0.2907997667789459,0.8698000311851501,-0.05668966472148895,0.9991229176521301,0.3218839764595032,0.8695573210716248,-0.1592404544353485,0.9991629123687744,0.3228399157524109,0.8717672824859619,-0.11155571788549423,0.9985142350196838,0.3337799906730652,0.7872453927993774,-0.28736433386802673,0.9999851584434509,0.32831934094429016,0.7548570036888123,0.09315426647663116,0.9996581077575684,0.44342634081840515,0.764578640460968,-0.34860533475875854,0.9796929359436035,0.42691126465797424,0.7020126581192017,0.11419127881526947,0.0029356800951063633,0.5406538248062134,0.7996671795845032,-0.33097711205482483,0.8403661847114563,0.5055813193321228,0.7152810096740723,0.021943239495158195,0.005241977982223034,0.5645423531532288,0.8051300644874573,-0.36309364438056946,0.7749472856521606,0.529595136642456,0.7149271368980408,0.014914950355887413,0.007430665660649538,0.5687190294265747,0.8174328804016113,-0.3537641763687134,0.7550944089889526,0.5276886820793152,0.7250066995620728,-0.01298991683870554,0.0074155586771667,0.5607072710990906,0.8132523894309998,-0.324684739112854,0.5906885862350464,0.5237382650375366,0.7195545434951782,0.005677380599081516,0.007997899316251278,0.5001998543739319,0.6239669919013977,-0.1170666292309761,0.9999917149543762,0.505910336971283,0.668286919593811,0.11697009205818176,0.9999878406524658,0.6293814182281494,0.46600550413131714,-0.20083975791931152,0.9870168566703796,0.6093388795852661,0.7891382575035095,0.08629856258630753,0.4593958556652069,0.6156812310218811,0.16916674375534058,-0.1262378841638565,0.9429125189781189,0.7595705389976501,0.8009160757064819,0.12271854281425476,0.7324807643890381,0.5996348857879639,0.1258339136838913,-0.12233923375606537,0.8337575197219849,0.7922096252441406,0.7741086483001709,0.12301495671272278,0.742243230342865,0.676880955696106,0.11394713073968887,-0.1798485368490219,0.9348363280296326,0.7862281203269958,0.9279714226722717,0.0817265585064888,0.7940468192100525,1
0.32756632566452026,0.8949390053749084,-0.14178551733493805,0.9995691180229187,0.31467169523239136,0.901545524597168,-0.16963431239128113,0.9992300868034363,0.3125830590724945,0.8982908129692078,-0.16990970075130463,0.9991850256919861,0.31047943234443665,0.895359456539154,-0.16989955306053162,0.9993209838867188,0.3155129849910736,0.9029293656349182,-0.1321883499622345,0.9990702867507935,0.3141222298145294,0.9008587598800659,-0.13258343935012817,0.9991304874420166,0.3122921288013458,0.8988625407218933,-0.13278980553150177,0.9993348717689514,0.29795360565185547,0.8679870963096619,-0.22475633025169373,0.999667227268219,0.29961273074150085,0.8713317513465881,-0.05246633291244507,0.9988260865211487,0.33118629455566406,0.8710206747055054,-0.15208932757377625,0.9989117980003357,0.3321129083633423,0.8734024167060852,-0.10433513671159744,0.9980453848838806,0.3417070806026459,0.790574312210083,-0.2873018980026245,0.9999830722808838,0.33634382486343384,0.7548999786376953,0.0983971580862999,0.9996112585067749,0.4532501995563507,0.76460862159729,-0.3483167886734009,0.9796675443649292,0.43583428859710693,0.7028555870056152,0.12187854945659637,0.0028030420653522015,0.5473477244377136,0.8002485036849976,-0.3285517394542694,0.8385391235351562,0.5195626616477966,0.7139926552772522,0.03469347208738327,0.0049665081314742565,0.5720154643058777,0.8060861229896545,-0.36135631799697876,0.7734375,0.5406202077865601,0.711035430431366,0.02935013547539711,0.007103943731635809,0.5748588442802429,0.8174084424972534,-0.3511815369129181,0.753455638885498,0.5399436950683594,0.7236029505729675,0.0011508160969242454,0.007082692347466946,0.5666278004646301,0.8133206963539124,-0.3215831518173218,0.5882265567779541,0.5333417057991028,0.7201964259147644,0.01854521594941616,0.007667736150324345,0.5070115327835083,0.6196166276931763,-0.1197877824306488,0.9999914765357971,0.5118939876556396,0.6646281480789185,0.11965969949960709,0.9999876618385315,0.6396390795707703,0.4649161994457245,-0.2182997763156891,0.9875167608261108,0.6085971593856812,0.7946383953094482,0.0997517928481102,0.46223020553588867,0.6156718730926514,0.16976256668567657,-0.13430911302566528,0.9452417492866516,0.7597063779830933,0.8015404343605042,0.14744225144386292,0.7387340068817139,0.5984116196632385,0.12980318069458008,-0.12885311245918274,0.8417048454284668,0.7922642230987549,0.7741078734397888,0.14883814752101898,0.7534608840942383,0.6764163374900818,0.11142157763242722,-0.18490354716777802,0.9365872144699097,0.7863913178443909,0.9277186393737793,0.10569385439157486,0.7973060011863708,1
0.3363233208656311,0.8965492844581604,-0.1428993195295334,0.9994665384292603,0.3232021629810333,0.9032992124557495,-0.16983279585838318,0.9990730881690979,0.3210979402065277,0.9001947045326233,-0.17010268568992615,0.9990058541297913,0.31898024678230286,0.8971551656723022,-0.1700911521911621,0.9991831183433533,0.32417330145835876,0.9045713543891907,-0.13264571130275726,0.9988852739334106,0.32284772396087646,0.9025668501853943,-0.13305453956127167,0.9989570379257202,0.32112327218055725,0.900519847869873,-0.13326236605644226,0.9992088675498962,0.3074140250682831,0.869968831539154,-0.2211853712797165,0.9995984435081482,0.30957645177841187,0.8745307326316833,-0.049956269562244415,0.9986199140548706,0.3395808935165405,0.8725098967552185,-0.15193532407283783,0.9986656308174133,0.3409302532672882,0.875165581703186,-0.1044553890824318,0.9976338744163513,0.35234391689300537,0.7924434542655945,-0.28236299753189087,0.9999801516532898,0.344817191362381,0.7549338936805725,0.101224884390831,0.9995731115341187,0.4666096568107605,0.7652364373207092,-0.3395839035511017,0.979420006275177,0.44191673398017883,0.6991470456123352,0.12327423691749573,0.0027467345353215933,0.558276355266571,0.8037922978401184,-0.3117593824863434,0.8327763676643372,0.528663694858551,0.6978375315666199,0.03251512348651886,0.004813570529222488,0.5826259255409241,0.8084646463394165,-0.3432166278362274,0.7693190574645996,0.5466992855072021,0.6932562589645386,0.026205936446785927,0.006946765352040529,0.5862133502960205,0.8176639676094055,-0.3321582078933716,0.7491559386253357,0.5464970469474792,0.7024783492088318,-0.0005753565346822143,0.006900946144014597,0.5785502791404724,0.8139519691467285,-0.3040211796760559,0.5829264521598816,0.5391073822975159,0.701632022857666,0.016996849328279495,0.007493470795452595,0.5127015709877014,0.6175926327705383,-0.12131596356630325,0.9999914765357971,0.5174508690834045,0.661220371723175,0.1211690828204155,0.9999879598617554,0.6466439366340637,0.4637666344642639,-0.22297047078609467,0.9883410334587097,0.6085949540138245,0.802520751953125,0.10436080396175385,0.48079749941825867,0.615886926651001,0.17182445526123047,-0.13091036677360535,0.9492311477661133,0.7600379586219788,0.8023547530174255,0.15313157439231873,0.7542522549629211,0.5980027318000793,0.13307686150074005,-0.1244392916560173,0.8536539673805237,0.7923004627227783,0.773874044418335,0.15470020473003387,0.7715488076210022,0.6758984923362732,0.10891669988632202,-0.17953309416770935,0.9406445622444153,0.7874253988265991,0.9277141690254211,0.1138223260641098,0.8086234927177429,1
0.34600603580474854,0.8977646231651306,-0.14295513927936554,0.9994445443153381,0.3332885503768921,0.9048485159873962,-0.16967371106147766,0.999045193195343,0.3311243951320648,0.9019858241081238,-0.1699250191450119,0.9989638328552246,0.32895421981811523,0.8988202214241028,-0.16990691423416138,0.999152660369873,0.3343181610107422,0.9061452746391296,-0.13203376531600952,0.9988595843315125,0.3329339325428009,0.9044212102890015,-0.13245990872383118,0.9989309906959534,0.3312113583087921,0.9024307131767273,-0.1326492875814438,0.9991945624351501,0.3173080384731293,0.8716712594032288,-0.2206580936908722,0.9995728135108948,0.31947246193885803,0.8774022459983826,-0.047443971037864685,0.9985836744308472,0.3491118550300598,0.8738368153572083,-0.152039036154747,0.9985572099685669,0.35063421726226807,0.876801073551178,-0.10392329096794128,0.9974885582923889,0.36246776580810547,0.7942442297935486,-0.2793412208557129,0.9999773502349854,0.35370934009552,0.754255473613739,0.10241440683603287,0.999556839466095,0.47613006830215454,0.7677189707756042,-0.326550155878067,0.9795682430267334,0.4492378234863281,0.6940177083015442,0.12750361859798431,0.0028415375854820013,0.5679522156715393,0.8051196336746216,-0.2850530445575714,0.8302915096282959,0.5312836766242981,0.6850242018699646,0.033444199711084366,0.004864941351115704,0.5909398198127747,0.8097772002220154,-0.31307804584503174,0.7702118754386902,0.5497495532035828,0.6830286383628845,0.02683993987739086,0.007052933797240257,0.5937638878822327,0.8178340196609497,-0.3032163083553314,0.7503063678741455,0.5494054555892944,0.6871476769447327,0.0007078952039591968,0.006953492294996977,0.5870452523231506,0.8146665692329407,-0.27729469537734985,0.5847791433334351,0.5420772433280945,0.6880317330360413,0.018226664513349533,0.007590089924633503,0.5208700299263,0.6144291758537292,-0.12143567204475403,0.9999914765357971,0.5257675647735596,0.6587992906570435,0.12128324061632156,0.9999882578849792,0.6531983017921448,0.4610113501548767,-0.2159920185804367,0.9892165660858154,0.6087645888328552,0.8103233575820923,0.10000358521938324,0.5124877095222473,0.616868793964386,0.1735098659992218,-0.12659309804439545,0.9535348415374756,0.7613193392753601,0.8051644563674927,0.1470181941986084,0.7722758054733276,0.5980092883110046,0.1352190226316452,-0.12046278268098831,0.8662638068199158,0.7925786375999451,0.7744702100753784,0.1486566662788391,0.7910500168800354,0.6749221086502075,0.10737208276987076,-0.17838387191295624,0.9453146457672119,0.7877792716026306,0.9285619854927063,0.11318479478359222,0.8225652575492859,1
0.35611915588378906,0.8981171250343323,-0.15875951945781708,0.9994796514511108,0.3434671461582184,0.9056249856948853,-0.1871960312128067,0.9991062879562378,0.34134435653686523,0.9030027985572815,-0.18744945526123047,0.9990294575691223,0.33920618891716003,0.8999629616737366,-0.18743710219860077,0.9992080330848694,0.3443043828010559,0.9067754745483398,-0.14486965537071228,0.9989320039749146,0.3428054451942444,0.9051390886306763,-0.1452772319316864,0.9989978671073914,0.340989887714386,0.9031890034675598,-0.1454155594110489,0.9992446303367615,0.3270793557167053,0.8736982345581055,-0.2464764416217804,0.9996000528335571,0.3288070261478424,0.8786550164222717,-0.05117526277899742,0.9986663460731506,0.35880187153816223,0.874377965927124,-0.1713724136352539,0.9986507892608643,0.3600541055202484,0.8772109746932983,-0.11675576120615005,0.9976478219032288,0.3726397752761841,0.7944303154945374,-0.3207976520061493,0.9999781250953674,0.3644717037677765,0.7542719841003418,0.09738053381443024,0.9995736479759216,0.48457056283950806,0.7692598104476929,-0.36953797936439514,0.9811250567436218,0.464590847492218,0.7017027139663696,0.12447872757911682,0.0034731756895780563,0.5779047608375549,0.8083041906356812,-0.30781951546669006,0.8425125479698181,0.54941725730896,0.6902465224266052,0.03326818719506264,0.005388963967561722,0.6012471914291382,0.813489556312561,-0.3392058312892914,0.7864710688591003,0.5681087970733643,0.6839995384216309,0.025726450607180595,0.007779491133987904,0.6029427647590637,0.8228309750556946,-0.32466694712638855,0.7678995132446289,0.5707573294639587,0.6947811245918274,-0.004022972658276558,0.007619636133313179,0.5969047546386719,0.8207643032073975,-0.2970206141471863,0.611319363117218,0.5651358962059021,0.6973297595977783,0.015264619141817093,0.008447403088212013,0.5259923338890076,0.6125838756561279,-0.13114714622497559,0.9999918937683105,0.5312096476554871,0.6554719805717468,0.13098309934139252,0.999988853931427,0.6598822474479675,0.45729976892471313,-0.23343829810619354,0.9901673793792725,0.6101109385490417,0.818770170211792,0.1343224048614502,0.5474036931991577,0.6176854372024536,0.17441263794898987,-0.13217709958553314,0.9578172564506531,0.7613868713378906,0.8096621036529541,0.20702630281448364,0.7910667657852173,0.597969651222229,0.13699118793010712,-0.12508179247379303,0.8785874843597412,0.7918616533279419,0.77633136510849,0.21101993322372437,0.8101287484169006,0.6748715043067932,0.10766058415174484,-0.18525297939777374,0.9502218961715698,0.7878674864768982,0.9289418458938599,0.17441053688526154,0.8374829888343811,1
0.36467981338500977,0.8987895250320435,-0.15755853056907654,0.9995137453079224,0.35215508937835693,0.9070397615432739,-0.18611901998519897,0.9991626143455505,0.35060998797416687,0.9047970771789551,-0.18636830151081085,0.9990879893302917,0.3487602472305298,0.9021084308624268,-0.18635615706443787,0.9992584586143494,0.35255369544029236,0.9077858924865723,-0.1449396014213562,0.9990022778511047,0.3513476550579071,0.906222939491272,-0.14533597230911255,0.9990630149841309,0.34964054822921753,0.9042842388153076,-0.14548204839229584,0.9992950558662415,0.3368719518184662,0.8759695887565613,-0.24691596627235413,0.9996242523193359,0.3381606340408325,0.8795119524002075,-0.05555715784430504,0.9987536072731018,0.36843475699424744,0.8757460117340088,-0.17125791311264038,0.9987449645996094,0.3693423867225647,0.878105103969574,-0.11771060526371002,0.9978154301643372,0.3830024302005768,0.794000506401062,-0.32111260294914246,0.9999788999557495,0.37536466121673584,0.7542991638183594,0.09390684217214584,0.999596357345581,0.4923592209815979,0.7694397568702698,-0.3703251779079437,0.9825681447982788,0.47848495841026306,0.7085642218589783,0.12137271463871002,0.004462877754122019,0.5861156582832336,0.8122377991676331,-0.3089659512042999,0.8542852997779846,0.5678655505180359,0.6981228590011597,0.0291591826826334,0.006549018435180187,0.6085704565048218,0.8198716640472412,-0.3399300277233124,0.8019607663154602,0.5878086090087891,0.6996203660964966,0.02183697186410427,0.009227744303643703,0.6078444719314575,0.8296934962272644,-0.329265296459198,0.7845946550369263,0.5926883220672607,0.7133947610855103,-0.005873431917279959,0.009004943072795868,0.6018247604370117,0.8275372385978699,-0.30041927099227905,0.6365380883216858,0.5848730802536011,0.7071243524551392,0.012283341027796268,0.010078244842588902,0.5358524918556213,0.6082855463027954,-0.13059978187084198,0.999992311000824,0.5398606061935425,0.6518334150314331,0.13044574856758118,0.9999895095825195,0.6671412587165833,0.453920841217041,-0.23258048295974731,0.9909693002700806,0.6126622557640076,0.8249036073684692,0.11879988014698029,0.5740629434585571,0.6198704838752747,0.17539246380329132,-0.1313151717185974,0.9614238739013672,0.7620417475700378,0.8120540976524353,0.18107792735099792,0.8055787682533264,0.5984991192817688,0.13980992138385773,-0.12407388538122177,0.8892048597335815,0.7918488383293152,0.7771942615509033,0.18440361320972443,0.8264973759651184,0.6748791337013245,0.10778620094060898,-0.18161296844482422,0.9543188214302063,0.7880890965461731,0.9290053248405457,0.1568397879600525,0.8495463728904724,1
