x_0,y_0,z_0,vis_0,x_1,y_1,z_1,vis_1,x_2,y_2,z_2,vis_2,x_3,y_3,z_3,vis_3,x_4,y_4,z_4,vis_4,x_5,y_5,z_5,vis_5,x_6,y_6,z_6,vis_6,x_7,y_7,z_7,vis_7,x_8,y_8,z_8,vis_8,x_9,y_9,z_9,vis_9,x_10,y_10,z_10,vis_10,x_11,y_11,z_11,vis_11,x_12,y_12,z_12,vis_12,x_13,y_13,z_13,vis_13,x_14,y_14,z_14,vis_14,x_15,y_15,z_15,vis_15,x_16,y_16,z_16,vis_16,x_17,y_17,z_17,vis_17,x_18,y_18,z_18,vis_18,x_19,y_19,z_19,vis_19,x_20,y_20,z_20,vis_20,x_21,y_21,z_21,vis_21,x_22,y_22,z_22,vis_22,x_23,y_23,z_23,vis_23,x_24,y_24,z_24,vis_24,x_25,y_25,z_25,vis_25,x_26,y_26,z_26,vis_26,x_27,y_27,z_27,vis_27,x_28,y_28,z_28,vis_28,x_29,y_29,z_29,vis_29,x_30,y_30,z_30,vis_30,x_31,y_31,z_31,vis_31,x_32,y_32,z_32,vis_32,label
0.5792437195777893,0.6807986497879028,0.4685884118080139,0.9991159439086914,0.576200544834137,0.6838874816894531,0.5065295696258545,0.9994077086448669,0.576008677482605,0.6800553202629089,0.5061313509941101,0.9992853999137878,0.5759851336479187,0.676540732383728,0.5062711238861084,0.9996377825737,0.5795115232467651,0.6962435841560364,0.48289981484413147,0.9995646476745605,0.5815364718437195,0.7006969451904297,0.48247572779655457,0.9995600581169128,0.5836079120635986,0.7054330110549927,0.48240360617637634,0.9996005892753601,0.5818601846694946,0.6684421896934509,0.5948199033737183,0.9998481273651123,0.5930074453353882,0.7120161056518555,0.48317649960517883,0.9991943836212158,0.5857037305831909,0.666593611240387,0.49617329239845276,0.9994338154792786,0.5888366103172302,0.6805569529533386,0.46161940693855286,0.9987444877624512,0.6001294255256653,0.5611185431480408,0.5704553723335266,0.9999805092811584,0.6182785034179688,0.7119254469871521,0.33489102125167847,0.999927282333374,0.571468710899353,0.45938175916671753,0.6198092103004456,0.3460177481174469,0.5543533563613892,0.7653824687004089,0.28335705399513245,0.8070299029350281,0.4926193654537201,0.4289039969444275,0.6317592263221741,0.9263057112693787,0.48620855808258057,0.8045727610588074,0.34846439957618713,0.9441229104995728,0.4727218747138977,0.431890606880188,0.6548639535903931,0.9327332973480225,0.4701915681362152,0.8114480972290039,0.3360939025878906,0.9472686052322388,0.4666576385498047,0.43972834944725037,0.6279777884483337,0.9381183385848999,0.46996551752090454,0.8098236322402954,0.36595863103866577,0.9447702765464783,0.4753307104110718,0.44075891375541687,0.6212871074676514,0.9363687038421631,0.4749172031879425,0.8028303384780884,0.35841891169548035,0.9182021617889404,0.6282767653465271,0.4249047040939331,0.07109566032886505,0.9999721646308899,0.6453498601913452,0.5289010405540466,-0.0718640387058258,0.9999542236328125,0.65289306640625,0.17225050926208496,0.029354838654398918,0.9607066512107849,0.7035037279129028,0.46277645230293274,-0.33027753233909607,0.996650755405426,0.8082138895988464,0.13097837567329407,-0.04443129152059555,0.8840726613998413,0.8774265646934509,0.46843117475509644,-0.5111927390098572,0.9798639416694641,0.8384606242179871,0.15903739631175995,-0.05141250789165497,0.9645601511001587,0.8851222991943359,0.48036691546440125,-0.5261443257331848,0.9825881719589233,0.8403869271278381,0.014038837514817715,-0.10821502655744553,0.9063439965248108,0.9357115030288696,0.47190025448799133,-0.5844919681549072,0.9783084392547607,0
0.5819923281669617,0.6829561591148376,0.45468416810035706,0.9991767406463623,0.5791215300559998,0.6874919533729553,0.49306219816207886,0.9994479417800903,0.5791085362434387,0.6844847798347473,0.4926799237728119,0.9993354678153992,0.579136073589325,0.6817845106124878,0.4928401708602905,0.9996616840362549,0.5819280743598938,0.6977484226226807,0.4706715941429138,0.9995934367179871,0.5837387442588806,0.7016752362251282,0.47025641798973083,0.9995902180671692,0.5854576230049133,0.7059597373008728,0.47019046545028687,0.9996272921562195,0.5844961404800415,0.672947883605957,0.5849263668060303,0.9998578429222107,0.5941237807273865,0.7120577692985535,0.4794445335865021,0.999248206615448,0.5888496041297913,0.6692104935646057,0.48378413915634155,0.9994720816612244,0.5917917490005493,0.681049108505249,0.4510946571826935,0.9988308548927307,0.6005284786224365,0.5635060667991638,0.5632420778274536,0.9999808073043823,0.6192400455474854,0.7101430892944336,0.3358558118343353,0.9999308586120605,0.5731202363967896,0.4582589566707611,0.5858232975006104,0.349315345287323,0.5603622794151306,0.7662893533706665,0.2812093496322632,0.8191399574279785,0.49618569016456604,0.42194733023643494,0.5521995425224304,0.9308211803436279,0.4896966516971588,0.8053719401359558,0.32068052887916565,0.9487565159797668,0.47624534368515015,0.4217456579208374,0.5666530728340149,0.9368125200271606,0.4735069274902344,0.8116337060928345,0.30357733368873596,0.9514946341514587,0.4702823758125305,0.4320274889469147,0.5396079421043396,0.9418824911117554,0.4724271595478058,0.8100289702415466,0.3319094777107239,0.9491572976112366,0.4789431393146515,0.43415209650993347,0.540409505367279,0.9400992393493652,0.47711244225502014,0.8030346632003784,0.329532653093338,0.924489438533783,0.6283400058746338,0.4260786175727844,0.06817265599966049,0.9999722242355347,0.645119845867157,0.5289216041564941,-0.06893761456012726,0.9999552369117737,0.6525335311889648,0.1721196174621582,0.005879359319806099,0.9634313583374023,0.7044989466667175,0.4630001485347748,-0.3309442102909088,0.99692302942276,0.808215320110321,0.13083834946155548,-0.0654790848493576,0.8913757801055908,0.8771917819976807,0.4682532846927643,-0.5159364342689514,0.9814330339431763,0.8384979367256165,0.15903258323669434,-0.07298918068408966,0.9667702913284302,0.8849813342094421,0.47917672991752625,-0.5315465331077576,0.9838550686836243,0.8403605818748474,0.014102131128311157,-0.13424897193908691,0.911890983581543,0.935620903968811,0.472354531288147,-0.5943737030029297,0.9799284338951111,0
0.5821332931518555,0.6873918175697327,0.43964889645576477,0.9992503523826599,0.5799028873443604,0.6938535571098328,0.478444904088974,0.9994974732398987,0.580123782157898,0.6913110017776489,0.47807416319847107,0.9993952512741089,0.580403745174408,0.689090371131897,0.4782346785068512,0.9996917843818665,0.5823771357536316,0.7022095918655396,0.45687001943588257,0.999629557132721,0.5841524600982666,0.7053239345550537,0.4564599394798279,0.9996266961097717,0.5858177542686462,0.7088257074356079,0.4564056098461151,0.9996602535247803,0.5858820676803589,0.6801034212112427,0.5748604536056519,0.9998703598976135,0.5941574573516846,0.7139215469360352,0.4736175835132599,0.9993138909339905,0.5890065431594849,0.6735478639602661,0.4703082740306854,0.9995192885398865,0.5918073654174805,0.6837756037712097,0.4387088716030121,0.9989352822303772,0.6009566187858582,0.5676925182342529,0.5545532703399658,0.9999818205833435,0.6192346215248108,0.7093453407287598,0.33742013573646545,0.9999354481697083,0.5741804242134094,0.4551597833633423,0.5671471357345581,0.3797730803489685,0.5632203817367554,0.7696014046669006,0.2713797986507416,0.8330290913581848,0.49713438749313354,0.42049646377563477,0.5217632055282593,0.9368321895599365,0.4918559193611145,0.806577742099762,0.27449706196784973,0.9533206224441528,0.4779101312160492,0.4206877052783966,0.5333763360977173,0.9421069622039795,0.4754962623119354,0.8132930994033813,0.25354447960853577,0.9556746482849121,0.4721112549304962,0.4314500093460083,0.5067324638366699,0.9467464089393616,0.47369125485420227,0.8108231425285339,0.2817969024181366,0.9535080790519714,0.48058757185935974,0.4336853623390198,0.5099974870681763,0.9450201392173767,0.47841665148735046,0.8033359050750732,0.28244131803512573,0.9308251738548279,0.6285198330879211,0.42620885372161865,0.06512700766324997,0.9999731183052063,0.6449727416038513,0.5286149978637695,-0.06588577479124069,0.9999571442604065,0.6521222591400146,0.17179882526397705,-0.016322726383805275,0.9665194153785706,0.7022711038589478,0.4627789855003357,-0.3366716206073761,0.9972034692764282,0.8082217574119568,0.130694180727005,-0.09409981220960617,0.9003045558929443,0.8770946264266968,0.4680957496166229,-0.5219408273696899,0.9831194281578064,0.8385265469551086,0.1590127944946289,-0.10296349972486496,0.9693477153778076,0.8848623633384705,0.47879430651664734,-0.5378087759017944,0.9852524399757385,0.8403726816177368,0.014112386852502823,-0.1741495430469513,0.9190107583999634,0.9354950785636902,0.4723185896873474,-0.6060918569564819,0.9817292094230652,0
0.5824449062347412,0.6894078850746155,0.4427007734775543,0.9993149042129517,0.5812435746192932,0.6957566738128662,0.48253414034843445,0.9995404481887817,0.5815950632095337,0.6928722858428955,0.4821885824203491,0.9994478821754456,0.5819843411445618,0.690265417098999,0.4823756217956543,0.9997180104255676,0.5838820338249207,0.7040825486183167,0.46228188276290894,0.9996611475944519,0.5858784317970276,0.7068597674369812,0.4618850350379944,0.9996587634086609,0.5877171754837036,0.7100361585617065,0.4618465304374695,0.999688982963562,0.5877730846405029,0.6796066761016846,0.580793023109436,0.9998815655708313,0.5963316559791565,0.7143932580947876,0.48014065623283386,0.999372124671936,0.589192807674408,0.6743012070655823,0.47397205233573914,0.9995599389076233,0.5919389128684998,0.6847176551818848,0.44370368123054504,0.9990251064300537,0.6009275913238525,0.5672110915184021,0.5606418251991272,0.9999828338623047,0.6198145151138306,0.7089897990226746,0.3437294363975525,0.9999394416809082,0.5743651986122131,0.4508073031902313,0.5787398815155029,0.3991943597793579,0.5674759149551392,0.774135172367096,0.2918458580970764,0.8432916402816772,0.49686500430107117,0.4212222993373871,0.5793217420578003,0.9414949417114258,0.4937213659286499,0.8092918395996094,0.3348093330860138,0.9567441940307617,0.47762688994407654,0.42169228196144104,0.6002919673919678,0.9461958408355713,0.4780524969100952,0.815217912197113,0.3183002173900604,0.9586865901947021,0.4719240069389343,0.43175700306892395,0.5712170004844666,0.9505040049552917,0.47551578283309937,0.812578022480011,0.35046690702438354,0.956629753112793,0.48063045740127563,0.4345971345901489,0.5694220662117004,0.9487766027450562,0.48034942150115967,0.8051555752754211,0.34494316577911377,0.9352545142173767,0.6283177733421326,0.42600515484809875,0.06531018018722534,0.9999732375144958,0.6450214385986328,0.5277999043464661,-0.06602262705564499,0.9999576807022095,0.6518667936325073,0.1713462620973587,-0.003999969456344843,0.9687049388885498,0.7052463889122009,0.4600372910499573,-0.334383487701416,0.9974150061607361,0.808161735534668,0.13068552315235138,-0.09052102267742157,0.9058089256286621,0.8772566318511963,0.4679100811481476,-0.5111514329910278,0.9842508435249329,0.8385047912597656,0.15900926291942596,-0.09501834213733673,0.9710554480552673,0.8855810165405273,0.4787079393863678,-0.5257387757301331,0.9861385226249695,0.8403578996658325,0.014233839698135853,-0.1509423702955246,0.9237803220748901,0.935528576374054,0.47236114740371704,-0.5896665453910828,0.9829505681991577,0
0.5854345560073853,0.6952491998672485,0.4389530122280121,0.9993740320205688,0.5851823091506958,0.7006567716598511,0.4783729612827301,0.9995798468589783,0.5853173732757568,0.697598397731781,0.47800180315971375,0.9994957447052002,0.5854302644729614,0.6946748495101929,0.47817233204841614,0.999741792678833,0.5882899761199951,0.7087904214859009,0.4587548077106476,0.9996904134750366,0.5904168486595154,0.7112576365470886,0.4583401381969452,0.9996886253356934,0.5923498868942261,0.7140419483184814,0.4582726061344147,0.9997159242630005,0.5903725028038025,0.6821585893630981,0.5756804943084717,0.9998916983604431,0.6004430651664734,0.7165736556053162,0.4800710380077362,0.9994268417358398,0.5908725261688232,0.6787143349647522,0.46939849853515625,0.9995974898338318,0.5938236713409424,0.6889062523841858,0.4401918649673462,0.9991090893745422,0.6007033586502075,0.5671454668045044,0.5584296584129333,0.9999836087226868,0.6198771595954895,0.7091222405433655,0.34329190850257874,0.999943733215332,0.5754354596138,0.448719322681427,0.5956010818481445,0.41623741388320923,0.5677494406700134,0.7799379229545593,0.2901398241519928,0.8559932112693787,0.49802732467651367,0.4217330813407898,0.6028677225112915,0.9456906318664551,0.4952501356601715,0.8104508519172668,0.3006824553012848,0.9607402086257935,0.47776997089385986,0.4221237301826477,0.6250640749931335,0.9499416351318359,0.48059508204460144,0.8181354999542236,0.2787761986255646,0.9624220728874207,0.47271522879600525,0.43305468559265137,0.5993319749832153,0.9539639353752136,0.47784996032714844,0.8149973750114441,0.30983904004096985,0.9605474472045898,0.4821116328239441,0.435634970664978,0.5933193564414978,0.952269434928894,0.4825828969478607,0.8067479729652405,0.309579074382782,0.9409893751144409,0.6281824111938477,0.4254762530326843,0.06537001579999924,0.999973475933075,0.645023763179779,0.5272312760353088,-0.06607794016599655,0.9999589323997498,0.6517676115036011,0.17135757207870483,0.00035460389335639775,0.9710065722465515,0.6995593309402466,0.4600822329521179,-0.33927878737449646,0.9976384043693542,0.8078984022140503,0.1306775063276291,-0.07476159930229187,0.9126483201980591,0.8770958781242371,0.4677087068557739,-0.5124667882919312,0.9855748414993286,0.838223397731781,0.15914997458457947,-0.08120443671941757,0.9730452299118042,0.8848388195037842,0.4787116050720215,-0.5266253352165222,0.9872223734855652,0.84051913022995,0.014388482086360455,-0.14218832552433014,0.929498016834259,0.9355209469795227,0.47235897183418274,-0.5892582535743713,0.9843901991844177,0
0.5854865908622742,0.6976076364517212,0.44293180108070374,0.9994307160377502,0.5853511095046997,0.7029710412025452,0.4821945130825043,0.9996177554130554,0.5855575799942017,0.7000237107276917,0.48181480169296265,0.9995413422584534,0.5857393741607666,0.6971527934074402,0.4819742739200592,0.9997647404670715,0.5881553888320923,0.7103855609893799,0.4613441526889801,0.9997186064720154,0.5901621580123901,0.7124942541122437,0.46092671155929565,0.999717116355896,0.5920077562332153,0.7149381637573242,0.46085575222969055,0.9997418522834778,0.5907623767852783,0.683823823928833,0.5778822302818298,0.9999013543128967,0.600098192691803,0.7168213725090027,0.4805976450443268,0.9994792938232422,0.590777575969696,0.6809186935424805,0.47293272614479065,0.9996328949928284,0.5936343669891357,0.690580427646637,0.4421481490135193,0.9991889595985413,0.6006863117218018,0.5670161247253418,0.5588542819023132,0.9999843239784241,0.6196677684783936,0.7101014852523804,0.345268577337265,0.9999478459358215,0.5780823826789856,0.4461567997932434,0.602261483669281,0.42739322781562805,0.5686911940574646,0.786687970161438,0.2990175187587738,0.8669983148574829,0.504726767539978,0.42163050174713135,0.6125805377960205,0.9486691355705261,0.4993589520454407,0.809455156326294,0.3381877839565277,0.9642106294631958,0.48299774527549744,0.4227553904056549,0.6347995400428772,0.9524603486061096,0.4863090217113495,0.8159663081169128,0.3216046690940857,0.9656035304069519,0.4783361554145813,0.43345198035240173,0.6093912720680237,0.9562799334526062,0.48438823223114014,0.8112538456916809,0.35124626755714417,0.9638771414756775,0.4878937005996704,0.4358248710632324,0.6028501987457275,0.9545454978942871,0.4889996349811554,0.8030844926834106,0.34746891260147095,0.9458140730857849,0.628348708152771,0.4251997768878937,0.0654061809182167,0.9999741315841675,0.6450273990631104,0.5261512398719788,-0.06612863391637802,0.999960720539093,0.6517359614372253,0.17161166667938232,-0.0009688070276752114,0.9731119871139526,0.6983317136764526,0.4601529836654663,-0.35594260692596436,0.9978421926498413,0.8078458905220032,0.1306319236755371,-0.07725397497415543,0.9184675812721252,0.8770601153373718,0.4674530625343323,-0.5382518172264099,0.9867287874221802,0.8381284475326538,0.1591789573431015,-0.08516643941402435,0.974796712398529,0.8845214247703552,0.47869861125946045,-0.5534059405326843,0.9881585836410522,0.8407888412475586,0.014394990168511868,-0.1470666527748108,0.9344305396080017,0.9355189204216003,0.47227057814598083,-0.6161413192749023,0.9856542944908142,0
0.5888690948486328,0.6979194283485413,0.4426586925983429,0.9994810819625854,0.5900723338127136,0.7033154964447021,0.4815387427806854,0.9996516704559326,0.5901102423667908,0.7002388834953308,0.48116323351860046,0.999582052230835,0.5900657773017883,0.6972748637199402,0.4813232719898224,0.9997852444648743,0.593080461025238,0.710782527923584,0.4612506628036499,0.9997439384460449,0.5950152277946472,0.7128115892410278,0.4608241319656372,0.9997426867485046,0.596716046333313,0.7151997089385986,0.46074581146240234,0.999765157699585,0.5947491526603699,0.683157205581665,0.5750824809074402,0.9999099969863892,0.6049560308456421,0.7167494297027588,0.4805804193019867,0.9995265603065491,0.5932551026344299,0.6806513071060181,0.4719381332397461,0.9996643662452698,0.5962479114532471,0.6903785467147827,0.44195035099983215,0.9992601871490479,0.6007096767425537,0.5668653845787048,0.5591009259223938,0.999984860420227,0.6199470162391663,0.7102196216583252,0.34508374333381653,0.9999515414237976,0.5800155401229858,0.4452930986881256,0.6145680546760559,0.4287416934967041,0.5718629956245422,0.7884954810142517,0.3169686198234558,0.8757902383804321,0.5095981359481812,0.4217364192008972,0.6696604490280151,0.949748158454895,0.5035660266876221,0.8097571134567261,0.3891434371471405,0.9672554731369019,0.4867011606693268,0.4230857491493225,0.6993393301963806,0.9532288908958435,0.49134185910224915,0.8159375786781311,0.37738731503486633,0.9683801531791687,0.48254474997520447,0.4339299499988556,0.6712921857833862,0.9569907188415527,0.49020761251449585,0.8110940456390381,0.40786266326904297,0.9667831659317017,0.49200567603111267,0.43590256571769714,0.660252571105957,0.955126941204071,0.4945063292980194,0.8030526041984558,0.399520605802536,0.9499552845954895,0.6284018158912659,0.4245341122150421,0.06547562777996063,0.9999743700027466,0.6450421810150146,0.525837779045105,-0.06620419770479202,0.9999619722366333,0.6517319083213806,0.17174328863620758,-0.0004955923650413752,0.9746150374412537,0.697699248790741,0.4602394104003906,-0.35034722089767456,0.9979979395866394,0.807826817035675,0.13054247200489044,-0.07149720191955566,0.9219509959220886,0.8767998814582825,0.46709075570106506,-0.5268533229827881,0.9875680208206177,0.8380478024482727,0.15913531184196472,-0.0788150280714035,0.9759332537651062,0.8839358687400818,0.4786452054977417,-0.5413411259651184,0.9887984395027161,0.8406988382339478,0.014374345541000366,-0.13993588089942932,0.9377905130386353,0.9355037808418274,0.4723615348339081,-0.6048401594161987,0.9866178035736084,0
0.5925790071487427,0.7008082866668701,0.44355806708335876,0.9995224475860596,0.5938680768013,0.7052832245826721,0.4830009639263153,0.9996793866157532,0.5935718417167664,0.7020142674446106,0.48261764645576477,0.9996151328086853,0.5932046175003052,0.698951780796051,0.4827704131603241,0.9998016953468323,0.5978164672851562,0.7126539349555969,0.46248361468315125,0.9997649192810059,0.6001399755477905,0.7144327163696289,0.46203070878982544,0.9997638463973999,0.6022700667381287,0.716651439666748,0.4619295299053192,0.9997846484184265,0.5972844958305359,0.6831605434417725,0.576291024684906,0.9999168515205383,0.6114165782928467,0.7166811227798462,0.48589888215065,0.9995661973953247,0.5955303311347961,0.6823214292526245,0.4733773469924927,0.9996891021728516,0.59952312707901,0.6917417645454407,0.4441177248954773,0.9993174076080322,0.6007750034332275,0.5668426156044006,0.5597413778305054,0.9999851584434509,0.6199387907981873,0.712344229221344,0.3537731468677521,0.9999544620513916,0.5826102495193481,0.44344979524612427,0.6255590319633484,0.41944420337677,0.5752671957015991,0.7890297174453735,0.33785533905029297,0.8800082802772522,0.514829158782959,0.4203818738460541,0.6938705444335938,0.9479163885116577,0.5068728923797607,0.8054632544517517,0.41478070616722107,0.9696593880653381,0.49128425121307373,0.4233267307281494,0.7253264784812927,0.9515519738197327,0.4940684139728546,0.8133309483528137,0.40360352396965027,0.9704840183258057,0.48651745915412903,0.4340311586856842,0.6972270607948303,0.9554873108863831,0.4933079183101654,0.8082453012466431,0.433672159910202,0.9689936637878418,0.4956139624118805,0.43550610542297363,0.6848608255386353,0.9533005952835083,0.49808481335639954,0.7996490597724915,0.42505785822868347,0.9529545903205872,0.6283977031707764,0.4237637221813202,0.0642281025648117,0.9999736547470093,0.6453388333320618,0.5259178876876831,-0.06494554877281189,0.9999622106552124,0.6517918705940247,0.17205892503261566,0.010024565272033215,0.9749019145965576,0.6966920495033264,0.46031635999679565,-0.33630549907684326,0.9980596303939819,0.8078539967536926,0.1305931657552719,-0.052052997052669525,0.9212220907211304,0.8762235045433044,0.4669552743434906,-0.49800917506217957,0.98760986328125,0.8380277156829834,0.15924906730651855,-0.05784837529063225,0.9757605195045471,0.8830780386924744,0.47854501008987427,-0.5107623338699341,0.9887797236442566,0.841245710849762,0.014410550706088543,-0.11489608138799667,0.9378358125686646,0.9356697201728821,0.4770161807537079,-0.5694431662559509,0.9868232011795044,0
0.5932402014732361,0.7010992169380188,0.4360150098800659,0.999564528465271,0.594504714012146,0.7050746083259583,0.4749464690685272,0.9997075200080872,0.594367265701294,0.701770007610321,0.47459161281585693,0.9996488690376282,0.5940960645675659,0.698658287525177,0.4747554659843445,0.9998186826705933,0.5982676148414612,0.7124967575073242,0.45692700147628784,0.9997856616973877,0.6007379293441772,0.7142928838729858,0.45647764205932617,0.9997848272323608,0.6030451655387878,0.716549813747406,0.4563794434070587,0.9998037815093994,0.5979370474815369,0.6828420758247375,0.5713956356048584,0.9999238848686218,0.6129904389381409,0.716467559337616,0.48568540811538696,0.9996045231819153,0.5969278216362,0.682431697845459,0.4665440618991852,0.9997157454490662,0.6009544134140015,0.6917677521705627,0.43987277150154114,0.9993768334388733,0.6007734537124634,0.5649707913398743,0.5531634092330933,0.9999857544898987,0.621547281742096,0.710817813873291,0.35966756939888,0.9999575018882751,0.5848932266235352,0.43745750188827515,0.6001353859901428,0.4364261329174042,0.5838615298271179,0.7881002426147461,0.3211103677749634,0.88737553358078,0.5156077146530151,0.4197990596294403,0.620597243309021,0.9508585929870605,0.510240912437439,0.8056928515434265,0.35026076436042786,0.9722164869308472,0.4931122362613678,0.42346468567848206,0.6413124203681946,0.9540262818336487,0.49647554755210876,0.8131653666496277,0.32918432354927063,0.9728125333786011,0.4892224073410034,0.43418675661087036,0.6139060854911804,0.9577481746673584,0.49509337544441223,0.8080164194107056,0.3581695258617401,0.9714343547821045,0.4984794855117798,0.43542739748954773,0.610779345035553,0.9555143713951111,0.5002307891845703,0.7995873093605042,0.358449786901474,0.9564940929412842,0.6283648610115051,0.4201080799102783,0.058291006833314896,0.9999735355377197,0.6463304758071899,0.5245872139930725,-0.05900023505091667,0.9999629855155945,0.6517928838729858,0.17209041118621826,-0.019243577495217323,0.9765053987503052,0.697134792804718,0.4603782296180725,-0.3331261873245239,0.9981778860092163,0.8078411221504211,0.13058996200561523,-0.07896849513053894,0.924947202205658,0.8750638365745544,0.46691569685935974,-0.49350592494010925,0.9882302284240723,0.8379743695259094,0.15922389924526215,-0.08487670868635178,0.9765068292617798,0.8822610974311829,0.4781895875930786,-0.506504476070404,0.9892058968544006,0.841916024684906,0.014424611814320087,-0.1504858285188675,0.9405307769775391,0.9356507658958435,0.48160800337791443,-0.5692652463912964,0.9874986410140991,0
0.5933550596237183,0.7019014954566956,0.4334801733493805,0.9996012449264526,0.594662606716156,0.7052319645881653,0.4715571999549866,0.9997321367263794,0.5947301983833313,0.7021275758743286,0.47121506929397583,0.9996777772903442,0.5945941805839539,0.6992217302322388,0.47137096524238586,0.9998334050178528,0.5979366898536682,0.7122751474380493,0.45486557483673096,0.9998039603233337,0.6003326773643494,0.7140894532203674,0.4544106423854828,0.9998030662536621,0.6025704741477966,0.7164679765701294,0.4543130099773407,0.9998207092285156,0.598320722579956,0.6833544373512268,0.5673998594284058,0.999929666519165,0.6125426888465881,0.7157358527183533,0.4864021837711334,0.9996377825737,0.5974081754684448,0.6837339997291565,0.4638535678386688,0.9997381567955017,0.6011205315589905,0.6924071907997131,0.4386955499649048,0.9994280934333801,0.6008025407791138,0.5649527907371521,0.5452824234962463,0.9999859929084778,0.6223043203353882,0.7107941508293152,0.36953192949295044,0.9999599456787109,0.5899612903594971,0.43575695157051086,0.5893495678901672,0.44270098209381104,0.588435173034668,0.7879811525344849,0.3229181170463562,0.8906975984573364,0.5218877196311951,0.41905662417411804,0.610152006149292,0.9514352679252625,0.5151671767234802,0.8057067394256592,0.342716246843338,0.9742010831832886,0.5009137988090515,0.42317137122154236,0.6298888921737671,0.953888475894928,0.5003518462181091,0.8107367157936096,0.32213571667671204,0.9744822978973389,0.49680814146995544,0.43372228741645813,0.6038039922714233,0.9575069546699524,0.4986785054206848,0.8030651807785034,0.3504596948623657,0.9731767773628235,0.5043337941169739,0.43491461873054504,0.6008480787277222,0.9549820423126221,0.504188060760498,0.7951382994651794,0.3505746126174927,0.9588603377342224,0.6286059021949768,0.41867920756340027,0.05023045465350151,0.9999727010726929,0.6473077535629272,0.523409903049469,-0.050997551530599594,0.999963104724884,0.6518176794052124,0.17239055037498474,-0.036392927169799805,0.977364718914032,0.7021209597587585,0.46188193559646606,-0.3265954256057739,0.9981556534767151,0.807805597782135,0.1305246502161026,-0.10394062846899033,0.9247031807899475,0.8742639422416687,0.46693184971809387,-0.49419382214546204,0.9879592061042786,0.8379325866699219,0.1592717170715332,-0.11046535521745682,0.97613126039505,0.8817347884178162,0.47742271423339844,-0.5087474584579468,0.9890070557594299,0.8430700302124023,0.014395652338862419,-0.17618942260742188,0.9397160410881042,0.9356426000595093,0.48348376154899597,-0.5769691467285156,0.9873489141464233,0
0.595307469367981,0.705644965171814,0.43559354543685913,0.9996346831321716,0.5970192551612854,0.7074531316757202,0.47370535135269165,0.9997546076774597,0.596761167049408,0.7041947841644287,0.4733549952507019,0.9997045397758484,0.5962995290756226,0.7010990977287292,0.4735140800476074,0.9998469352722168,0.6016913056373596,0.7146880030632019,0.4563136100769043,0.9998207688331604,0.6048640608787537,0.7164585590362549,0.45586079359054565,0.9998199939727783,0.6079784631729126,0.718749463558197,0.45576417446136475,0.9998363256454468,0.6001882553100586,0.6860191822052002,0.568901777267456,0.9999351501464844,0.6187347769737244,0.7162028551101685,0.48723936080932617,0.9996688961982727,0.5982974171638489,0.6867813467979431,0.4657849967479706,0.9997581839561462,0.6034682989120483,0.6965243816375732,0.4396211802959442,0.9994741678237915,0.600232720375061,0.5659066438674927,0.5482307076454163,0.9999864101409912,0.6264230012893677,0.7098383903503418,0.3672625720500946,0.999962568283081,0.5944659113883972,0.436197966337204,0.6023916602134705,0.43006080389022827,0.5949470400810242,0.7885276675224304,0.3400620222091675,0.8936995267868042,0.5327567458152771,0.41863441467285156,0.6541709899902344,0.9487230777740479,0.517915666103363,0.8058780431747437,0.3874722123146057,0.9759230613708496,0.5090760588645935,0.422242134809494,0.679290771484375,0.9515200853347778,0.5041373372077942,0.809889554977417,0.3720906376838684,0.9759743809700012,0.5046513080596924,0.43312862515449524,0.6522224545478821,0.9553229808807373,0.5023216009140015,0.8017381429672241,0.4012104868888855,0.9747489094734192,0.5120559930801392,0.4344615936279297,0.6453410983085632,0.9524446129798889,0.5076853036880493,0.7945658564567566,0.3968336880207062,0.9609272480010986,0.6286743879318237,0.4175252914428711,0.052388086915016174,0.9999725222587585,0.6488178968429565,0.5234513878822327,-0.053130920976400375,0.9999638795852661,0.6518207788467407,0.17233870923519135,-0.024563370272517204,0.9774842262268066,0.70911705493927,0.46161550283432007,-0.32005739212036133,0.9981274604797363,0.8076513409614563,0.13085882365703583,-0.09587738662958145,0.9228408336639404,0.8748345971107483,0.46699559688568115,-0.4887641668319702,0.9874598383903503,0.8376832604408264,0.1597304344177246,-0.10414581745862961,0.9756331443786621,0.8827642202377319,0.4780530035495758,-0.5029082894325256,0.9885441064834595,0.8433600068092346,0.015661487355828285,-0.1610761433839798,0.9389936327934265,0.9356127381324768,0.4835391044616699,-0.5736963748931885,0.9871136546134949,0
0.5958360433578491,0.7096997499465942,0.43650779128074646,0.9996564388275146,0.5982123017311096,0.7120553851127625,0.4742397964000702,0.9997683167457581,0.5979528427124023,0.7084965109825134,0.4738801419734955,0.9997220039367676,0.5975685715675354,0.7049114108085632,0.47404778003692627,0.9998546838760376,0.6033058166503906,0.719211995601654,0.45626792311668396,0.9998317956924438,0.6067856550216675,0.7206077575683594,0.4558142423629761,0.9998317956924438,0.6103074550628662,0.7224531769752502,0.4557094871997833,0.9998469352722168,0.6026228666305542,0.6892407536506653,0.5663872957229614,0.9999389052391052,0.6218496561050415,0.7169334292411804,0.48233816027641296,0.9996924996376038,0.5983123779296875,0.6896377205848694,0.4659578502178192,0.9997699856758118,0.6038104891777039,0.6996447443962097,0.43913179636001587,0.9995037317276001,0.600105345249176,0.5672838687896729,0.547156035900116,0.9999865889549255,0.6297787427902222,0.7072953581809998,0.3633016347885132,0.9999645352363586,0.5956256985664368,0.44214242696762085,0.6157500147819519,0.4021728038787842,0.6003140807151794,0.7894603610038757,0.34791213274002075,0.8874993920326233,0.541671633720398,0.4226849675178528,0.7018170952796936,0.9295040965080261,0.5229928493499756,0.8057953715324402,0.4428097605705261,0.9754141569137573,0.5153407454490662,0.42309311032295227,0.7336138486862183,0.9370208978652954,0.5105748772621155,0.8071100115776062,0.43498799204826355,0.9752079844474792,0.5100709199905396,0.4331696629524231,0.7080574631690979,0.9417119026184082,0.5096215009689331,0.7982676029205322,0.46600446105003357,0.9739828109741211,0.5175305008888245,0.4349925220012665,0.6944430470466614,0.9386096596717834,0.5144345164299011,0.7924370169639587,0.45429927110671997,0.9591541886329651,0.6291068196296692,0.416526198387146,0.0538632832467556,0.999972939491272,0.6487208604812622,0.528082013130188,-0.05449056252837181,0.9999651908874512,0.652310311794281,0.17181527614593506,0.013779506087303162,0.9763010144233704,0.7020255327224731,0.46165943145751953,-0.3211907744407654,0.9981008768081665,0.807420015335083,0.13128897547721863,-0.013121744617819786,0.9177359342575073,0.8785081505775452,0.4674667418003082,-0.4868699014186859,0.9870525002479553,0.8376047611236572,0.15982545912265778,-0.014606740325689316,0.9742220044136047,0.8867524862289429,0.47991153597831726,-0.4996735453605652,0.9879531860351562,0.8417651057243347,0.018036898225545883,-0.06390196084976196,0.93581622838974,0.9358747005462646,0.4833648204803467,-0.5625324249267578,0.9868373274803162,0
0.5960614085197449,0.7116522789001465,0.4373185932636261,0.9996694326400757,0.5990223288536072,0.7153410315513611,0.4744763970375061,0.9997756481170654,0.5989388227462769,0.7117993235588074,0.4741142988204956,0.999731183052063,0.5988255143165588,0.7082800269126892,0.4742887616157532,0.9998578429222107,0.6038269400596619,0.7222973704338074,0.4562625586986542,0.9998390674591064,0.6071868538856506,0.7235474586486816,0.4558051526546478,0.9998398423194885,0.6106100082397461,0.7253094911575317,0.45569705963134766,0.999854564666748,0.6047253012657166,0.6922853589057922,0.5633449554443359,0.9999406933784485,0.6222829222679138,0.7186921238899231,0.4779854416847229,0.9997105598449707,0.5985677242279053,0.6916346549987793,0.4662056565284729,0.9997753500938416,0.604083776473999,0.7019771933555603,0.4390902519226074,0.9995224475860596,0.6001065373420715,0.5711943507194519,0.546241819858551,0.9999864101409912,0.6302436590194702,0.7109463214874268,0.3554033935070038,0.9999663829803467,0.5959787964820862,0.45901018381118774,0.6171035170555115,0.37193921208381653,0.5991012454032898,0.793018102645874,0.34835150837898254,0.8814067840576172,0.5436731576919556,0.42461010813713074,0.701952338218689,0.8991274237632751,0.5265510678291321,0.8058201670646667,0.45722225308418274,0.9746842384338379,0.5187932848930359,0.42408451437950134,0.7340862154960632,0.9130217432975769,0.5173884630203247,0.8023908138275146,0.4523720145225525,0.9741576910018921,0.5123263001441956,0.4332024157047272,0.7084337472915649,0.9188024997711182,0.5173267126083374,0.7940189242362976,0.48230791091918945,0.9728989601135254,0.5195151567459106,0.4350437819957733,0.694355309009552,0.915656328201294,0.520877480506897,0.7910221219062805,0.46876949071884155,0.9567911624908447,0.6292389631271362,0.41706347465515137,0.05747022479772568,0.9999735951423645,0.6483181715011597,0.5326761603355408,-0.0580853596329689,0.9999668002128601,0.6528981328010559,0.17119763791561127,0.022749582305550575,0.9748222827911377,0.6938558220863342,0.4632915258407593,-0.31898799538612366,0.9980918169021606,0.8074190020561218,0.13135789334774017,-0.010236497037112713,0.913439929485321,0.8794509172439575,0.46749094128608704,-0.487649142742157,0.9869595766067505,0.8376262784004211,0.15982550382614136,-0.0124977957457304,0.9734146595001221,0.8880819082260132,0.4826400876045227,-0.5006617903709412,0.9876178503036499,0.837868869304657,0.01818549633026123,-0.06082635372877121,0.9335308074951172,0.9366490840911865,0.4822644293308258,-0.5605859160423279,0.9868453741073608,0
0.5979072451591492,0.7180084586143494,0.44409942626953125,0.9996711015701294,0.6004354357719421,0.7195379137992859,0.47979819774627686,0.9997739791870117,0.6004220247268677,0.7163123488426208,0.4794427752494812,0.9997315406799316,0.600367546081543,0.7128961682319641,0.47963660955429077,0.9998546838760376,0.6052877306938171,0.7255546450614929,0.4646257758140564,0.9998400807380676,0.6086558699607849,0.7262438535690308,0.46414947509765625,0.9998427629470825,0.6121931076049805,0.7275810837745667,0.46401742100715637,0.9998573064804077,0.6059780120849609,0.6957849860191345,0.5644382238388062,0.9999400973320007,0.6235031485557556,0.7196174263954163,0.491122841835022,0.999721348285675,0.6000288128852844,0.6987645030021667,0.4707927703857422,0.9997719526290894,0.6056539416313171,0.7084509134292603,0.447579950094223,0.9995266795158386,0.5998783111572266,0.5718502402305603,0.546756386756897,0.9999858140945435,0.6314723491668701,0.7106455564498901,0.36527976393699646,0.9999677538871765,0.5980580449104309,0.4577278792858124,0.613763689994812,0.34424030780792236,0.6045030951499939,0.7932680249214172,0.37375372648239136,0.8748245239257812,0.5444701910018921,0.42277464270591736,0.6889327168464661,0.8771233558654785,0.5307621359825134,0.8058390021324158,0.47147437930107117,0.9750465154647827,0.5224862694740295,0.4220625162124634,0.7172591686248779,0.8972811698913574,0.5201324224472046,0.8018891215324402,0.4642806053161621,0.9743363857269287,0.5157970190048218,0.4304547905921936,0.6902322769165039,0.9038090109825134,0.5191222429275513,0.793637752532959,0.49411049485206604,0.9731374979019165,0.5234209895133972,0.4319937229156494,0.6796618103981018,0.9001544117927551,0.5232488512992859,0.7906246185302734,0.4826812148094177,0.9566941857337952,0.6295501589775085,0.4177527129650116,0.057640720158815384,0.999972939491272,0.6474226117134094,0.5349017381668091,-0.05822306126356125,0.9999672174453735,0.6530306935310364,0.17073962092399597,0.025248192250728607,0.9735121726989746,0.6905654668807983,0.4638397991657257,-0.3265092670917511,0.9980425238609314,0.8077592849731445,0.13124562799930573,-0.004622201435267925,0.909264862537384,0.8763106465339661,0.46709662675857544,-0.48868757486343384,0.9859274625778198,0.8376200795173645,0.15936000645160675,-0.006623982917517424,0.9723323583602905,0.8843685388565063,0.48252061009407043,-0.5015111565589905,0.9864935874938965,0.8379825949668884,0.018172306939959526,-0.06191683188080788,0.9301451444625854,0.9363694787025452,0.4821165204048157,-0.5623036623001099,0.9859195947647095,0
0.5976390242576599,0.706959068775177,0.46626338362693787,0.9996553659439087,0.5994598865509033,0.7037192583084106,0.5020748972892761,0.9997545480728149,0.5995775461196899,0.6990917921066284,0.5017133951187134,0.9997096061706543,0.5997181534767151,0.6949253678321838,0.5018875598907471,0.9998390674591064,0.6035999655723572,0.7144408822059631,0.4853004515171051,0.9998307824134827,0.6066949367523193,0.7162865996360779,0.4848293662071228,0.9998359680175781,0.6103107333183289,0.7187033891677856,0.4847043454647064,0.999851644039154,0.6046209335327148,0.6838500499725342,0.5841609239578247,0.999932587146759,0.6197174787521362,0.7107973694801331,0.5047518610954285,0.9997132420539856,0.5999239683151245,0.6874587535858154,0.4928550124168396,0.9997386932373047,0.6055346727371216,0.7029627561569214,0.4675901234149933,0.9994852542877197,0.6002478003501892,0.5693656802177429,0.5590963959693909,0.9999845623970032,0.6317148804664612,0.7104094624519348,0.3777276873588562,0.9999691247940063,0.5981462597846985,0.45689988136291504,0.6392210721969604,0.31164929270744324,0.6058409810066223,0.7934514284133911,0.37581875920295715,0.8474931716918945,0.543765664100647,0.4233887791633606,0.7350791096687317,0.8137548565864563,0.5347238779067993,0.8056421875953674,0.47498223185539246,0.9681814908981323,0.5228766798973083,0.4218759536743164,0.7675034999847412,0.8418532013893127,0.5231291651725769,0.7962226867675781,0.47006353735923767,0.9672296643257141,0.5156632661819458,0.43012186884880066,0.7430756092071533,0.8499014973640442,0.521799623966217,0.7882009148597717,0.5001366138458252,0.9660100340843201,0.5229673981666565,0.43211302161216736,0.7280580401420593,0.8468130230903625,0.5259444117546082,0.7877874970436096,0.48650655150413513,0.9452444911003113,0.6312091946601868,0.4176389276981354,0.05712796002626419,0.9999706149101257,0.6470900774002075,0.5340864062309265,-0.05773576349020004,0.9999665021896362,0.6531986594200134,0.17040817439556122,0.02046799100935459,0.9538537859916687,0.6916816234588623,0.46493348479270935,-0.3391655385494232,0.9968940019607544,0.8079515695571899,0.1312204748392105,-0.01927756331861019,0.8584727048873901,0.8760592341423035,0.4669933021068573,-0.5135653614997864,0.9713364243507385,0.8376160264015198,0.15930427610874176,-0.02224644273519516,0.9544563293457031,0.8845009207725525,0.4824783205986023,-0.526554524898529,0.9764481782913208,0.8387426137924194,0.018157966434955597,-0.07712304592132568,0.8855377435684204,0.9363649487495422,0.48280391097068787,-0.58674556016922,0.9728345274925232,0
0.5973061919212341,0.7046154737472534,0.46366217732429504,0.9996491074562073,0.5989317297935486,0.7019506096839905,0.4999762773513794,0.999746561050415,0.5990073680877686,0.6976004838943481,0.49960753321647644,0.9997061491012573,0.5991044640541077,0.693655788898468,0.49978795647621155,0.9998328685760498,0.6030547618865967,0.7124496698379517,0.4824352562427521,0.9998251795768738,0.6060305833816528,0.7144252061843872,0.48197048902511597,0.9998336434364319,0.6094502210617065,0.7169511914253235,0.48184898495674133,0.9998476505279541,0.6041171550750732,0.6834204196929932,0.585683286190033,0.9999319314956665,0.6190260648727417,0.7104604244232178,0.5026533603668213,0.999714195728302,0.5997873544692993,0.6863387227058411,0.4913507401943207,0.9997327327728271,0.6051152348518372,0.7016990184783936,0.46501776576042175,0.9994771480560303,0.6002629399299622,0.570682168006897,0.5612130761146545,0.999984622001648,0.6318688988685608,0.7088308334350586,0.3769199252128601,0.9999693036079407,0.5988062024116516,0.45708736777305603,0.6334073543548584,0.29592466354370117,0.610645592212677,0.7934982180595398,0.3710750341415405,0.8392429947853088,0.5418024659156799,0.42248228192329407,0.7151548266410828,0.8116154074668884,0.5390251874923706,0.8039470314979553,0.4607166051864624,0.9663373231887817,0.5222533941268921,0.41783344745635986,0.7469877600669861,0.8416960835456848,0.5265500545501709,0.794792115688324,0.4540637731552124,0.9652404189109802,0.5166544318199158,0.4276997745037079,0.7191915512084961,0.8500035405158997,0.5263417959213257,0.7873056530952454,0.48394307494163513,0.9639779925346375,0.5239232778549194,0.43091365694999695,0.7061769366264343,0.8465968370437622,0.5308163166046143,0.7863897085189819,0.4719391465187073,0.9420962929725647,0.6320524215698242,0.4176799952983856,0.057386670261621475,0.999970555305481,0.6476603746414185,0.5316819548606873,-0.05800946429371834,0.9999665021896362,0.6532285213470459,0.17036300897598267,0.018029361963272095,0.9564399719238281,0.6924778819084167,0.46720343828201294,-0.33433544635772705,0.9970004558563232,0.808050274848938,0.13111954927444458,-0.02164909988641739,0.8642145991325378,0.8746585845947266,0.46691250801086426,-0.4923507869243622,0.9721972346305847,0.8376055359840393,0.15879561007022858,-0.024607576429843903,0.956348717212677,0.8823155164718628,0.48244747519493103,-0.5041010975837708,0.9769288301467896,0.8395513296127319,0.017669647932052612,-0.08961877226829529,0.8897668123245239,0.9352554678916931,0.48269256949424744,-0.5688701868057251,0.9735190868377686,0
0.5885761976242065,0.703599750995636,0.482862651348114,0.9996491074562073,0.5867356061935425,0.7029359936714172,0.5180866718292236,0.9997414946556091,0.587270200252533,0.6983262300491333,0.5177147388458252,0.999704122543335,0.5877351760864258,0.6945310831069946,0.5178719758987427,0.9998292326927185,0.5881432294845581,0.7143561244010925,0.4982868432998657,0.999822199344635,0.5906781554222107,0.7178390026092529,0.4978295862674713,0.9998326301574707,0.5922271609306335,0.7216338515281677,0.49772846698760986,0.9998457431793213,0.5936667919158936,0.6857144832611084,0.6003282070159912,0.999931275844574,0.6000468730926514,0.7199311256408691,0.5070526003837585,0.9997142553329468,0.5948909521102905,0.6896213293075562,0.5096369981765747,0.9997252225875854,0.5986713171005249,0.7047797441482544,0.48015204071998596,0.9994695782661438,0.5997064113616943,0.5791172385215759,0.5668513774871826,0.9999849200248718,0.6314278244972229,0.7159515023231506,0.3806062340736389,0.999969482421875,0.6000661849975586,0.4595297574996948,0.6319137811660767,0.2757754325866699,0.6106513738632202,0.7934327125549316,0.36379238963127136,0.8096742033958435,0.5412943363189697,0.4214099645614624,0.7010613083839417,0.7942817807197571,0.5422506332397461,0.801918089389801,0.44664520025253296,0.9550694823265076,0.5234388113021851,0.41410496830940247,0.7315915822982788,0.8291210532188416,0.5302786231040955,0.7954431772232056,0.440004825592041,0.9550594091415405,0.5187548398971558,0.42449820041656494,0.7025645971298218,0.8378618359565735,0.5316240787506104,0.7881450057029724,0.46973976492881775,0.9536271691322327,0.526014506816864,0.428842693567276,0.6914802193641663,0.8341193199157715,0.5358871817588806,0.7867153882980347,0.45770564675331116,0.927827000617981,0.6321908235549927,0.4190165102481842,0.05757645145058632,0.9999704957008362,0.647760272026062,0.5316044688224792,-0.05820509418845177,0.9999662637710571,0.6532436609268188,0.1705288290977478,0.01608150824904442,0.9572189450263977,0.6974706649780273,0.49298733472824097,-0.33685922622680664,0.9967244863510132,0.80804443359375,0.13111679255962372,-0.033307790756225586,0.8602266311645508,0.8746354579925537,0.46694743633270264,-0.5163670778274536,0.9699000120162964,0.8372657895088196,0.1587637960910797,-0.03785700723528862,0.9552927017211914,0.8817842602729797,0.4824489951133728,-0.5307576060295105,0.9752598404884338,0.8400588631629944,0.017662135884165764,-0.0993410274386406,0.8856930136680603,0.9347564578056335,0.48260757327079773,-0.5950972437858582,0.9712534546852112,0
0.589511513710022,0.7036378979682922,0.47942811250686646,0.9995991587638855,0.5870426297187805,0.7035732865333557,0.5145443081855774,0.9996979832649231,0.5873955488204956,0.699304461479187,0.514163613319397,0.9996636509895325,0.5877876281738281,0.6956078410148621,0.5143401026725769,0.9998016953468323,0.588582456111908,0.7149839997291565,0.49443620443344116,0.9997896552085876,0.5914700031280518,0.7184167504310608,0.4939783215522766,0.9998056888580322,0.5931974053382874,0.7222957611083984,0.4938740134239197,0.9998186230659485,0.5937488675117493,0.6874460577964783,0.596811056137085,0.999923050403595,0.6016653776168823,0.7215963006019592,0.5040093064308167,0.9996784925460815,0.5952250361442566,0.6895307898521423,0.5060101747512817,0.9996893405914307,0.5988680720329285,0.7043468952178955,0.47622546553611755,0.9993966817855835,0.5996931791305542,0.5788517594337463,0.5657777786254883,0.9999846816062927,0.6312000751495361,0.7162289023399353,0.3770049512386322,0.9999672174453735,0.5994044542312622,0.4652321934700012,0.6311385035514832,0.25536733865737915,0.6139509081840515,0.7931994795799255,0.3687858581542969,0.7717954516410828,0.5409629344940186,0.42327407002449036,0.6880012154579163,0.772241473197937,0.5467024445533752,0.799305260181427,0.48178306221961975,0.9354019165039062,0.523842990398407,0.41435500979423523,0.7161910533905029,0.8142096400260925,0.5345132350921631,0.7957658767700195,0.4804548919200897,0.9382404685020447,0.5194404721260071,0.42395853996276855,0.6951004266738892,0.8237077593803406,0.5359941720962524,0.7885813117027283,0.5095919966697693,0.9365395307540894,0.5265051126480103,0.42896568775177,0.6813691258430481,0.8195797801017761,0.5401787161827087,0.7867849469184875,0.49351686239242554,0.9052900671958923,0.6325628757476807,0.41843006014823914,0.05814404413104057,0.9999703168869019,0.6477974057197571,0.5314874649047852,-0.05877719819545746,0.9999656081199646,0.6533180475234985,0.17061175405979156,0.02628459595143795,0.9571704268455505,0.7118350267410278,0.49718520045280457,-0.32532480359077454,0.9964573979377747,0.8079711198806763,0.13111837208271027,-0.012228203937411308,0.8577319979667664,0.876311182975769,0.4684065282344818,-0.47417423129081726,0.9682148098945618,0.8369020819664001,0.1587325781583786,-0.014704153873026371,0.9548572301864624,0.8834751844406128,0.4841594099998474,-0.4847462773323059,0.9740161299705505,0.8402551412582397,0.017605692148208618,-0.07130221277475357,0.8826508522033691,0.9347586035728455,0.4825606644153595,-0.5445911288261414,0.969262957572937,0
0.5895656943321228,0.7024762630462646,0.48681098222732544,0.9994962811470032,0.5875160098075867,0.7036803364753723,0.5213611125946045,0.9996161460876465,0.5879458785057068,0.6994315981864929,0.5209671854972839,0.999581515789032,0.5885338187217712,0.6961605548858643,0.521163284778595,0.999748706817627,0.5893378853797913,0.7147964239120483,0.4995962083339691,0.9997280240058899,0.5924340486526489,0.7179623246192932,0.49912914633750916,0.9997537136077881,0.5944507718086243,0.7215766310691833,0.49902620911598206,0.9997692108154297,0.5938183069229126,0.6880173683166504,0.6011159420013428,0.9999023079872131,0.6031439304351807,0.720369279384613,0.5022462010383606,0.9996010661125183,0.5952481031417847,0.6876440644264221,0.5130346417427063,0.9996028542518616,0.5988311767578125,0.7015755772590637,0.48121845722198486,0.9992300271987915,0.5996866822242737,0.5783713459968567,0.5683934688568115,0.9999836087226868,0.6309289932250977,0.7162830233573914,0.3749552369117737,0.9999643564224243,0.5989803075790405,0.4641019105911255,0.6300010085105896,0.23226243257522583,0.6161193251609802,0.7924749255180359,0.3744005858898163,0.727189302444458,0.5448939800262451,0.4218619465827942,0.6810991764068604,0.7291901707649231,0.5505357980728149,0.7987849116325378,0.5018390417098999,0.9078375101089478,0.5273642539978027,0.41206637024879456,0.7071419954299927,0.7821863889694214,0.5385225415229797,0.7961586713790894,0.5029394626617432,0.9160337448120117,0.5233169794082642,0.41888344287872314,0.6898790001869202,0.7927466034889221,0.5393738150596619,0.7890594005584717,0.5311229228973389,0.9140992760658264,0.5306607484817505,0.42509695887565613,0.6756026744842529,0.7882527112960815,0.5430746674537659,0.7868227362632751,0.513877272605896,0.8765299916267395,0.6332225203514099,0.41680699586868286,0.05825696513056755,0.999970018863678,0.6479367017745972,0.5303584337234497,-0.0588972344994545,0.9999651908874512,0.6535203456878662,0.17065922915935516,0.03126363456249237,0.954578697681427,0.731121838092804,0.5009851455688477,-0.3012649714946747,0.995560884475708,0.807893693447113,0.13140271604061127,0.003984163049608469,0.8500384092330933,0.8776534199714661,0.4705137312412262,-0.4316045343875885,0.9630886912345886,0.8363267183303833,0.15906089544296265,0.0032580988481640816,0.9534432291984558,0.8847998380661011,0.4866619408130646,-0.4402492344379425,0.9708771705627441,0.8402346968650818,0.018002761527895927,-0.051387593150138855,0.8750395178794861,0.9347828030586243,0.4821823239326477,-0.49973398447036743,0.9637960195541382,0
0.595253586769104,0.7025080919265747,0.4805029630661011,0.999364972114563,0.5945273637771606,0.7055630087852478,0.5157991647720337,0.9995120167732239,0.594452977180481,0.7017631530761719,0.5154153108596802,0.9994701147079468,0.5946637988090515,0.6987923383712769,0.51559978723526,0.999679684638977,0.5972350239753723,0.7155811190605164,0.4949554204940796,0.9996505379676819,0.5997499823570251,0.7184550166130066,0.49449387192726135,0.9996853470802307,0.6015220284461975,0.722251296043396,0.49439093470573425,0.9997076988220215,0.5991296172142029,0.6885111927986145,0.5982175469398499,0.9998759627342224,0.6102479696273804,0.7204226851463318,0.5001533031463623,0.9995054006576538,0.597028374671936,0.6860442757606506,0.5072503685951233,0.9995012283325195,0.6013429760932922,0.6990640163421631,0.47670963406562805,0.9990352392196655,0.6010186672210693,0.5780032277107239,0.5657138228416443,0.9999817609786987,0.6308763027191162,0.718431830406189,0.37200504541397095,0.9999616146087646,0.599379301071167,0.47063636779785156,0.6127649545669556,0.2114381641149521,0.6253429651260376,0.7879742980003357,0.3718354105949402,0.6954419016838074,0.5470471978187561,0.42129531502723694,0.6473378539085388,0.6865763068199158,0.5574712753295898,0.7986410856246948,0.4931449294090271,0.8902915120124817,0.5296162962913513,0.4108627736568451,0.6710549592971802,0.7488740086555481,0.5448583364486694,0.7968857288360596,0.49235695600509644,0.900927722454071,0.525306761264801,0.41809558868408203,0.652340829372406,0.7600537538528442,0.5438865423202515,0.7894138097763062,0.5218479037284851,0.8987818956375122,0.5326539874076843,0.4247801899909973,0.6412158608436584,0.7553209662437439,0.5471228957176208,0.7868461608886719,0.5053898692131042,0.8557981848716736,0.6340665221214294,0.4168049395084381,0.05834710970520973,0.9999696612358093,0.6483224630355835,0.5294147729873657,-0.0589875690639019,0.9999651312828064,0.6535348296165466,0.17060072720050812,0.03319133073091507,0.9498237371444702,0.7300398945808411,0.5040199160575867,-0.2858777642250061,0.994960606098175,0.8078190088272095,0.13140971958637238,0.0022791787050664425,0.8426285982131958,0.8779813051223755,0.47118350863456726,-0.42349180579185486,0.9607225060462952,0.8362742066383362,0.15904413163661957,0.0008811181760393083,0.9521188139915466,0.8853815793991089,0.4895037114620209,-0.43294841051101685,0.9693906307220459,0.8403478264808655,0.01782817952334881,-0.05473463237285614,0.8675671815872192,0.9347832798957825,0.4815455675125122,-0.4922027587890625,0.9607583284378052,0
0.5995358824729919,0.7038437724113464,0.47778555750846863,0.9991434812545776,0.6002891063690186,0.7105533480644226,0.5147979259490967,0.9993410706520081,0.5999413132667542,0.7075981497764587,0.5144197940826416,0.9992794394493103,0.5998759865760803,0.7050964832305908,0.5145743489265442,0.9995670318603516,0.6033309102058411,0.7183811068534851,0.4931163489818573,0.9995188117027283,0.6052843928337097,0.7211195826530457,0.4926660358905792,0.9995635151863098,0.607008159160614,0.7242990732192993,0.49256592988967896,0.9996035695075989,0.6039261221885681,0.6923194527626038,0.5930349826812744,0.9998277425765991,0.6155507564544678,0.7215090990066528,0.49950331449508667,0.999331533908844,0.599932849407196,0.6860953569412231,0.5052415728569031,0.9993497729301453,0.6039953231811523,0.6988891363143921,0.4744064211845398,0.998734176158905,0.6012874245643616,0.5779929757118225,0.5614930987358093,0.9999794363975525,0.6306045651435852,0.7192332744598389,0.37137308716773987,0.9999579191207886,0.5990837216377258,0.47487956285476685,0.5791620016098022,0.19239214062690735,0.6294201016426086,0.7857398986816406,0.3742782473564148,0.6668874621391296,0.5498130321502686,0.4207884967327118,0.5727924704551697,0.6450269222259521,0.5600847005844116,0.7953526377677917,0.491000771522522,0.8733217716217041,0.5330912470817566,0.4102875292301178,0.5894294381141663,0.7154222726821899,0.54688960313797,0.7965897917747498,0.4891873002052307,0.8856875896453857,0.5287911891937256,0.4168128967285156,0.5711190700531006,0.727057695388794,0.5458537340164185,0.7890137434005737,0.5180738568305969,0.8831050395965576,0.5364827513694763,0.4239710569381714,0.5659092664718628,0.7218948602676392,0.5491673350334167,0.7862861752510071,0.5029192566871643,0.8345565795898438,0.6340634822845459,0.41682735085487366,0.05790747329592705,0.9999693632125854,0.6487312316894531,0.5281460881233215,-0.0585869699716568,0.9999651908874512,0.6535369157791138,0.17060044407844543,0.029826553538441658,0.9456422924995422,0.7304292917251587,0.5016197562217712,-0.28310826420783997,0.9945776462554932,0.8077625036239624,0.1312718391418457,-0.0046686893329024315,0.8377407193183899,0.8794025778770447,0.4715884029865265,-0.4235883355140686,0.959322452545166,0.8362704515457153,0.15864811837673187,-0.0066736978478729725,0.9511218070983887,0.8869397640228271,0.49026790261268616,-0.43342822790145874,0.9682778716087341,0.8405733108520508,0.017285017296671867,-0.06428280472755432,0.861607551574707,0.9349724054336548,0.48148661851882935,-0.4953218698501587,0.9585244655609131,0
0.6006720066070557,0.7037215828895569,0.47618094086647034,0.9987114071846008,0.603401780128479,0.7105126976966858,0.5121563076972961,0.9989887475967407,0.6033838987350464,0.707580029964447,0.5117624402046204,0.9988338351249695,0.6036317348480225,0.7051256895065308,0.5119187831878662,0.9993281364440918,0.605554461479187,0.7183408141136169,0.49136418104171753,0.9992855787277222,0.6071893572807312,0.721079409122467,0.49087440967559814,0.9993395209312439,0.6087133288383484,0.7242575883865356,0.4907402992248535,0.999431848526001,0.6070531010627747,0.6922178268432617,0.5808836817741394,0.9997153282165527,0.6162594556808472,0.7214288115501404,0.4904298782348633,0.9990004897117615,0.6000982522964478,0.685335099697113,0.504368007183075,0.9989538788795471,0.6039981842041016,0.6980319619178772,0.4742269515991211,0.9980558753013611,0.6020206212997437,0.5778191089630127,0.5545693039894104,0.9999749064445496,0.6297839283943176,0.7210584282875061,0.3632165491580963,0.9999552965164185,0.598871111869812,0.48124146461486816,0.6023701429367065,0.1735387146472931,0.6314600706100464,0.7831676602363586,0.37331199645996094,0.6287167072296143,0.5563886165618896,0.4236728847026825,0.6842539310455322,0.585792601108551,0.5603129267692566,0.7933013439178467,0.4846578538417816,0.848444938659668,0.5392735004425049,0.4114106297492981,0.7142884135246277,0.6541616916656494,0.5472890138626099,0.7966530919075012,0.483206182718277,0.8629611134529114,0.5340020656585693,0.4171217381954193,0.6956542134284973,0.6652019023895264,0.546268105506897,0.7892138361930847,0.5134618878364563,0.8600180745124817,0.5415294766426086,0.4253092110157013,0.6795461177825928,0.660513699054718,0.5495913624763489,0.7859460711479187,0.49712732434272766,0.8039267659187317,0.6341924071311951,0.4167308807373047,0.057777151465415955,0.9999681711196899,0.648697018623352,0.5276739001274109,-0.05847005546092987,0.9999651312828064,0.6535952091217041,0.17017704248428345,0.039278339594602585,0.9096100330352783,0.730929970741272,0.4995781183242798,-0.27343225479125977,0.990361213684082,0.807705283164978,0.13126346468925476,0.012249086052179337,0.7940467596054077,0.8804340362548828,0.47177502512931824,-0.40798696875572205,0.9406043887138367,0.8362740278244019,0.1586458832025528,0.011289787478744984,0.9355274438858032,0.8878401517868042,0.49188855290412903,-0.41675224900245667,0.9569268226623535,0.8408165574073792,0.017082570120692253,-0.044980525970458984,0.8201338052749634,0.935096800327301,0.4814201593399048,-0.4756470024585724,0.9391466975212097,0
0.6018152832984924,0.7037423849105835,0.47155871987342834,0.9983252286911011,0.6059862971305847,0.7105703353881836,0.5017417073249817,0.9986550211906433,0.6062172651290894,0.7077332139015198,0.501361072063446,0.9983963966369629,0.6067841053009033,0.705358624458313,0.5015279650688171,0.9990912675857544,0.6075252890586853,0.7183266878128052,0.48450544476509094,0.9990897178649902,0.6100138425827026,0.7210306525230408,0.48399487137794495,0.9991527795791626,0.6113680601119995,0.7241376638412476,0.4838448464870453,0.999302327632904,0.6096286177635193,0.6924461722373962,0.566318929195404,0.999602735042572,0.6172956824302673,0.7208241820335388,0.48605668544769287,0.9987473487854004,0.6006917357444763,0.6852995157241821,0.4954968988895416,0.9985585808753967,0.6041093468666077,0.6980008482933044,0.46994999051094055,0.9974611401557922,0.6008599996566772,0.5791146159172058,0.5415416955947876,0.9999707937240601,0.6288748383522034,0.7208220362663269,0.3590640723705292,0.9999536871910095,0.5980631113052368,0.48106303811073303,0.5951216816902161,0.15663158893585205,0.6337587833404541,0.782318115234375,0.369059681892395,0.5956159830093384,0.5619754195213318,0.42770788073539734,0.6805478930473328,0.5309697389602661,0.5634235143661499,0.7923544049263,0.4786912798881531,0.8266609907150269,0.545072615146637,0.4136772155761719,0.7077023983001709,0.5962019562721252,0.5496265292167664,0.7973863482475281,0.47597092390060425,0.8418464064598083,0.5399672985076904,0.4201279580593109,0.6845234036445618,0.6063075661659241,0.5479711890220642,0.7893399000167847,0.5060449838638306,0.8385204076766968,0.5472981333732605,0.43031373620033264,0.6722542643547058,0.6020933985710144,0.551275908946991,0.785666286945343,0.4907587170600891,0.7754664421081543,0.6341732740402222,0.4154946506023407,0.05762995779514313,0.9999685883522034,0.6490087509155273,0.5256008505821228,-0.05832947418093681,0.9999665021896362,0.6536470651626587,0.1699402630329132,0.035546738654375076,0.8850319981575012,0.7278584241867065,0.49580851197242737,-0.27247321605682373,0.9871482253074646,0.8074838519096375,0.13130252063274384,0.011157771572470665,0.7648410201072693,0.880811870098114,0.4718741774559021,-0.406594842672348,0.9285824298858643,0.8359541296958923,0.15870094299316406,0.010703161358833313,0.9278320670127869,0.888027012348175,0.4918816387653351,-0.41531509160995483,0.9497348070144653,0.8408302664756775,0.01729918085038662,-0.04442756250500679,0.7931616306304932,0.9352796077728271,0.4814249575138092,-0.47452494502067566,0.9271571040153503,0
0.6016929149627686,0.7051362991333008,0.46180951595306396,0.9980859756469727,0.6065083146095276,0.7133153676986694,0.49102357029914856,0.9984661936759949,0.6068528890609741,0.7109724879264832,0.49064305424690247,0.9981576800346375,0.6075567007064819,0.7089831233024597,0.49083176255226135,0.998954713344574,0.6077526211738586,0.7197341322898865,0.47495466470718384,0.9989710450172424,0.6105154156684875,0.7222959995269775,0.4744407832622528,0.999040961265564,0.6118196845054626,0.724888801574707,0.4742952585220337,0.9992197751998901,0.6097233295440674,0.694722592830658,0.5593597888946533,0.9995425939559937,0.6170865893363953,0.7207663059234619,0.4820158779621124,0.9986129403114319,0.6006452441215515,0.6876947283744812,0.48514220118522644,0.9983766078948975,0.6039320826530457,0.6984740495681763,0.4613097012042999,0.9971686601638794,0.59978187084198,0.5820339322090149,0.5347838997840881,0.9999674558639526,0.6257200241088867,0.7206259965896606,0.35726872086524963,0.9999518394470215,0.5953541994094849,0.48534658551216125,0.5698370337486267,0.14189419150352478,0.6341739296913147,0.7822408080101013,0.3681595027446747,0.5717936754226685,0.5611065030097961,0.4339694678783417,0.6059620380401611,0.486625999212265,0.5659223794937134,0.7923969030380249,0.48434746265411377,0.8152050375938416,0.5435792803764343,0.42245325446128845,0.6269096732139587,0.553030252456665,0.552820086479187,0.7974247336387634,0.4831128418445587,0.8316624760627747,0.5391407608985901,0.4267663061618805,0.6090531945228577,0.5625571608543396,0.5506661534309387,0.7894173264503479,0.511486291885376,0.8281447291374207,0.5465825200080872,0.4373481571674347,0.6001054644584656,0.5587592124938965,0.5540062189102173,0.7853296995162964,0.4961366355419159,0.7608612179756165,0.6341153979301453,0.41504818201065063,0.05691874027252197,0.9999694228172302,0.6490828394889832,0.5244931578636169,-0.057643353939056396,0.9999679923057556,0.6538183689117432,0.16976702213287354,0.028467955067753792,0.8812371492385864,0.7264024615287781,0.49531465768814087,-0.2704780399799347,0.9868701696395874,0.8074515461921692,0.13138824701309204,0.00483500212430954,0.7598462700843811,0.8807541131973267,0.47194144129753113,-0.4004603326320648,0.9281522631645203,0.8359411954879761,0.15871025621891022,0.003622660879045725,0.927573025226593,0.8879820108413696,0.4917132258415222,-0.40874147415161133,0.9492998719215393,0.8407482504844666,0.017511043697595596,-0.05126940831542015,0.7876479625701904,0.935421347618103,0.4814079999923706,-0.46430671215057373,0.9261470437049866,0
0.6035783290863037,0.7051230669021606,0.4579467475414276,0.9969239830970764,0.6103355884552002,0.713314414024353,0.4880456030368805,0.9975095987319946,0.6110072731971741,0.7111194133758545,0.48768743872642517,0.9971251487731934,0.6119771599769592,0.7093228697776794,0.48792675137519836,0.9982185363769531,0.6119217276573181,0.7196878790855408,0.47525209188461304,0.9982782602310181,0.6136056780815125,0.7220326066017151,0.47474566102027893,0.9984945058822632,0.6149269342422485,0.72441565990448,0.47459855675697327,0.9987807273864746,0.613355815410614,0.6956616640090942,0.5554425716400146,0.9992720484733582,0.6184387803077698,0.7200987935066223,0.49762269854545593,0.9981735348701477,0.6019554734230042,0.6876437664031982,0.4795507490634918,0.9977343082427979,0.6049879193305969,0.6976919174194336,0.46101275086402893,0.9961578249931335,0.5996796488761902,0.5830290913581848,0.5134245753288269,0.9999567270278931,0.6260039806365967,0.7188427448272705,0.38176262378692627,0.9999487996101379,0.6029499769210815,0.48391100764274597,0.4395873248577118,0.12824131548404694,0.636733889579773,0.7822569012641907,0.43147870898246765,0.5566874146461487,0.6273795366287231,0.32120659947395325,0.34932491183280945,0.4399069547653198,0.5728369951248169,0.7925136089324951,0.5976403951644897,0.8105679750442505,0.6280234456062317,0.2944408655166626,0.34756001830101013,0.5022620558738708,0.557843029499054,0.7991609573364258,0.6058807969093323,0.8279666304588318,0.6218022108078003,0.30230969190597534,0.3367961049079895,0.5106707811355591,0.5552475452423096,0.7899658679962158,0.6319569945335388,0.8236786127090454,0.6226731538772583,0.31008797883987427,0.3439320921897888,0.5072165131568909,0.5597732663154602,0.7853082418441772,0.6106328964233398,0.7545261979103088,0.6329553723335266,0.4149554967880249,0.0494995154440403,0.9999703764915466,0.6491242051124573,0.523292064666748,-0.0502827949821949,0.9999698400497437,0.653847336769104,0.16985224187374115,-0.053867075592279434,0.8903213143348694,0.7086679935455322,0.4914235472679138,-0.3176925480365753,0.9879692792892456,0.8071324229240417,0.13143973052501678,-0.06155333295464516,0.7755429744720459,0.8772215247154236,0.47119465470314026,-0.4295741021633148,0.9333117008209229,0.8359298706054688,0.15872567892074585,-0.060538746416568756,0.9319514632225037,0.887105405330658,0.4916589856147766,-0.432776540517807,0.9519233703613281,0.8400232195854187,0.018663661554455757,-0.12418901175260544,0.8001804351806641,0.9351384043693542,0.48130515217781067,-0.4941154718399048,0.9311414957046509,0
0.6031839847564697,0.7046383619308472,0.45725032687187195,0.9958348870277405,0.6097164750099182,0.7125310301780701,0.4852854907512665,0.9964959621429443,0.610383927822113,0.7107059359550476,0.4849361777305603,0.9957481026649475,0.6113224029541016,0.709250271320343,0.48517629504203796,0.9973731637001038,0.6112344264984131,0.7174409627914429,0.4747438430786133,0.9976876974105835,0.6130054593086243,0.7189297080039978,0.47423020005226135,0.9979678392410278,0.615330159664154,0.7217950820922852,0.474070280790329,0.9984210133552551,0.6125715374946594,0.6955430507659912,0.5438394546508789,0.998852550983429,0.6185493469238281,0.7178428173065186,0.4970020651817322,0.9976963400840759,0.6018499135971069,0.6870085597038269,0.4770260453224182,0.9963400959968567,0.6049250960350037,0.6952196955680847,0.4607069194316864,0.9944201707839966,0.5982520580291748,0.5935478806495667,0.49990400671958923,0.999937891960144,0.6250568628311157,0.7173811197280884,0.3826673924922943,0.999944806098938,0.6049832701683044,0.48696261644363403,0.49745070934295654,0.11553791910409927,0.6414051055908203,0.7822809815406799,0.4272843897342682,0.5123830437660217,0.6219281554222107,0.33401378989219666,0.5183364748954773,0.3962174952030182,0.5749043226242065,0.7925853133201599,0.6030787229537964,0.7621251940727234,0.6216622591018677,0.30986493825912476,0.5349333882331848,0.4527360200881958,0.5604689121246338,0.7992268800735474,0.6143664717674255,0.7817983031272888,0.6166257262229919,0.30863308906555176,0.5185782313346863,0.4602700471878052,0.5578792691230774,0.789961040019989,0.6429736018180847,0.7769981622695923,0.6174771785736084,0.31957608461380005,0.5130847692489624,0.45718955993652344,0.562463104724884,0.7842835783958435,0.6171557903289795,0.7053411602973938,0.6313878893852234,0.4144967496395111,0.04342515766620636,0.9999695420265198,0.6491042971611023,0.522383987903595,-0.04421256482601166,0.9999707341194153,0.6538511514663696,0.16988903284072876,-0.043005213141441345,0.87358558177948,0.6932846903800964,0.48066389560699463,-0.31860941648483276,0.9845888614654541,0.8068382740020752,0.131639301776886,-0.05183122307062149,0.7403894066810608,0.8770650625228882,0.47117263078689575,-0.4413321316242218,0.9130941033363342,0.8359096646308899,0.15964815020561218,-0.05048932880163193,0.9188464283943176,0.887090802192688,0.49093765020370483,-0.44580134749412537,0.9371139407157898,0.8387336134910583,0.02027060277760029,-0.10922666639089584,0.7653215527534485,0.934747040271759,0.48127153515815735,-0.5071414113044739,0.9121647477149963,0
0.5949525237083435,0.6991626024246216,0.45964470505714417,0.9952277541160583,0.5960502028465271,0.7041263580322266,0.4868241250514984,0.9958051443099976,0.5954949855804443,0.7020297646522522,0.48649585247039795,0.9948362112045288,0.5950212478637695,0.6992905735969543,0.48673927783966064,0.9968067407608032,0.5991605520248413,0.7106790542602539,0.47765764594078064,0.9973294138908386,0.6005372405052185,0.7121897339820862,0.4771483242511749,0.9976750612258911,0.6020727753639221,0.7147623896598816,0.47698065638542175,0.9982366561889648,0.5959082841873169,0.6896783709526062,0.5503150224685669,0.9985535144805908,0.6108834743499756,0.7170027494430542,0.5002706050872803,0.9973973631858826,0.5908010601997375,0.6824452877044678,0.478824257850647,0.9956076741218567,0.5978758931159973,0.6915014982223511,0.4639940559864044,0.9936484098434448,0.5954128503799438,0.5924928188323975,0.511213481426239,0.9999326467514038,0.6249539852142334,0.7139562964439392,0.3854735493659973,0.9999450445175171,0.6043266654014587,0.4856184124946594,0.511069118976593,0.10416892170906067,0.6470964550971985,0.7821559309959412,0.3981984257698059,0.48902925848960876,0.6264230012893677,0.33124080300331116,0.5213481783866882,0.3570663034915924,0.5765398144721985,0.7947956919670105,0.5047703385353088,0.7430367469787598,0.6289423704147339,0.3061373829841614,0.5341020822525024,0.4084426760673523,0.5612080693244934,0.8016515374183655,0.5074303150177002,0.7592453956604004,0.623518168926239,0.3073229193687439,0.5245784521102905,0.4151611924171448,0.5581742525100708,0.7915920615196228,0.540267825126648,0.7532126307487488,0.6234933733940125,0.3191508948802948,0.5189389586448669,0.4124162197113037,0.5627676248550415,0.7851466536521912,0.5196049809455872,0.6768362522125244,0.6303103566169739,0.41455334424972534,0.04315934330224991,0.9999704957008362,0.6493239998817444,0.5208244323730469,-0.04393601417541504,0.9999724626541138,0.6539719104766846,0.17037545144557953,-0.0486963614821434,0.8696888089179993,0.6900725960731506,0.4770704507827759,-0.31582218408584595,0.9825750589370728,0.8069869875907898,0.1319403052330017,-0.05746467784047127,0.7245102524757385,0.8770892024040222,0.47116541862487793,-0.44128933548927307,0.9017480611801147,0.8361080884933472,0.15971820056438446,-0.056439172476530075,0.912975013256073,0.8895801901817322,0.49130475521087646,-0.44651874899864197,0.9272568821907043,0.8388099074363708,0.020128212869167328,-0.12242987751960754,0.7475675940513611,0.9344362616539001,0.48209354281425476,-0.5128062963485718,0.9012471437454224,0
0.5973160862922668,0.7090373039245605,0.43265730142593384,0.9953933954238892,0.6014193892478943,0.7157914638519287,0.45977309346199036,0.9959869980812073,0.6002240777015686,0.7132219076156616,0.4593917429447174,0.9950332045555115,0.5997769832611084,0.7109533548355103,0.4595952332019806,0.9969496726989746,0.6046055555343628,0.7241513133049011,0.4469605088233948,0.9974486231803894,0.6062341332435608,0.7260859608650208,0.44644320011138916,0.9977633953094482,0.6078710556030273,0.7292205095291138,0.44624289870262146,0.9983032941818237,0.5998578667640686,0.7015964388847351,0.5227363705635071,0.998621940612793,0.6125683188438416,0.728969395160675,0.45940694212913513,0.997477114200592,0.5932181477546692,0.6928867101669312,0.4533061683177948,0.9957534074783325,0.5997827649116516,0.7009499669075012,0.4335528612136841,0.9938216209411621,0.5955461859703064,0.6006187200546265,0.5071476101875305,0.999932050704956,0.6246196031570435,0.716344952583313,0.34364891052246094,0.9999462962150574,0.5980628728866577,0.5036144852638245,0.5788554549217224,0.09442280977964401,0.6540663838386536,0.7826454043388367,0.36273500323295593,0.47412538528442383,0.6179906129837036,0.4129810035228729,0.7029419541358948,0.32568973302841187,0.5825671553611755,0.7960824370384216,0.4975385069847107,0.7347490191459656,0.6222817301750183,0.38782453536987305,0.7379066348075867,0.37535521388053894,0.5642997026443481,0.8050376772880554,0.5027350187301636,0.7499402761459351,0.6040366888046265,0.3850565254688263,0.7193723320960999,0.3814767599105835,0.5625056624412537,0.7946792244911194,0.5358569025993347,0.7431771755218506,0.6092961430549622,0.40273377299308777,0.6996997594833374,0.3791384696960449,0.5687949657440186,0.7865513563156128,0.5123926997184753,0.6630191802978516,0.6304673552513123,0.4166460335254669,0.050285015255212784,0.9999710917472839,0.6495720744132996,0.5211684107780457,-0.051004137843847275,0.999973475933075,0.6534340977668762,0.16960404813289642,0.005910639651119709,0.8439425230026245,0.6826930642127991,0.46848711371421814,-0.3164322078227997,0.9823713898658752,0.80718594789505,0.13215018808841705,-0.03820960596203804,0.703087568283081,0.8755585551261902,0.469815194606781,-0.4403165876865387,0.9010893702507019,0.837089478969574,0.15980355441570282,-0.041649360209703445,0.9076305031776428,0.8881282806396484,0.4914100468158722,-0.44539874792099,0.9274023771286011,0.8388299942016602,0.020259926095604897,-0.09185297042131424,0.7292967438697815,0.9345606565475464,0.47707611322402954,-0.4904860556125641,0.9007853269577026,0
0.5973501205444336,0.7152475118637085,0.4311440587043762,0.9953853487968445,0.601434588432312,0.7231212854385376,0.45928284525871277,0.9959873557090759,0.6003183126449585,0.7206147313117981,0.45891302824020386,0.9949814677238464,0.5999558568000793,0.7177297472953796,0.4591107964515686,0.9969442486763,0.6051962971687317,0.7323221564292908,0.44773057103157043,0.997474730014801,0.6070576906204224,0.7343888282775879,0.4472130835056305,0.997766375541687,0.6089387536048889,0.7374970316886902,0.44699615240097046,0.9983097910881042,0.6003820896148682,0.708632230758667,0.5221604704856873,0.9986212849617004,0.6132208108901978,0.734675943851471,0.4652814567089081,0.9974719285964966,0.593512773513794,0.6993936896324158,0.4517688453197479,0.9956443905830383,0.6001351475715637,0.7070692777633667,0.43364983797073364,0.99371337890625,0.5953769087791443,0.6033396124839783,0.5051683783531189,0.9999273419380188,0.6196200251579285,0.7247820496559143,0.35069340467453003,0.9999467730522156,0.5947438478469849,0.5071503520011902,0.5975601077079773,0.08528952300548553,0.6579195261001587,0.7827182412147522,0.36916762590408325,0.44341152906417847,0.6046792268753052,0.41539227962493896,0.7549192309379578,0.2940900921821594,0.5857633948326111,0.7971776127815247,0.5253545045852661,0.700036883354187,0.6010875701904297,0.3912738263607025,0.7944114208221436,0.3396114110946655,0.5666420459747314,0.8066841959953308,0.5338627099990845,0.7140415906906128,0.5933656692504883,0.3862468898296356,0.776830792427063,0.34510332345962524,0.5648307204246521,0.7969481348991394,0.568263828754425,0.706413984298706,0.596584677696228,0.4029385447502136,0.7531421780586243,0.34310004115104675,0.5714792609214783,0.7877618670463562,0.5410474538803101,0.6243575811386108,0.6305006146430969,0.41894182562828064,0.05033113434910774,0.9999704360961914,0.6488114595413208,0.5250187516212463,-0.05104398354887962,0.9999738335609436,0.6523498296737671,0.1695830374956131,0.002545982366427779,0.8076508641242981,0.6654163002967834,0.4679741859436035,-0.34488290548324585,0.9794712662696838,0.8071850538253784,0.13232816755771637,-0.04570206254720688,0.6651564240455627,0.8669448494911194,0.46643778681755066,-0.4911537766456604,0.889329195022583,0.8373996615409851,0.16065822541713715,-0.049044907093048096,0.8899126052856445,0.8782638907432556,0.48480576276779175,-0.4996371865272522,0.9193907976150513,0.8389279246330261,0.02023572102189064,-0.10541495680809021,0.6931320428848267,0.9338371157646179,0.4765593409538269,-0.54939866065979,0.8909279108047485,0
0.5975474715232849,0.7150020003318787,0.41301849484443665,0.9956701397895813,0.6020772457122803,0.7222583889961243,0.4397047758102417,0.9962630271911621,0.6009969711303711,0.7197193503379822,0.43930843472480774,0.9953218698501587,0.6004743576049805,0.716939389705658,0.43951523303985596,0.9971581697463989,0.6062881946563721,0.7310864925384521,0.4281138777732849,0.9976437091827393,0.6081846952438354,0.733026385307312,0.42760002613067627,0.9979075193405151,0.6101038455963135,0.7359675765037537,0.42738136649131775,0.9984117150306702,0.6005353927612305,0.7072595953941345,0.5006781220436096,0.9987229704856873,0.613448977470398,0.7333301901817322,0.4450637698173523,0.997623085975647,0.5938519835472107,0.6986093521118164,0.4331609606742859,0.9959297180175781,0.6003192067146301,0.7064189910888672,0.4152120053768158,0.9940831661224365,0.5949499011039734,0.6019636988639832,0.4832233190536499,0.999930202960968,0.6205383539199829,0.7192501425743103,0.3425811231136322,0.9999479055404663,0.591399610042572,0.5054188966751099,0.5866960883140564,0.07859527319669724,0.6589659452438354,0.777816653251648,0.36420801281929016,0.42635345458984375,0.5926517844200134,0.43716299533843994,0.718392550945282,0.273245632648468,0.5899427533149719,0.7971981167793274,0.5190832018852234,0.6837673783302307,0.597160279750824,0.4143506586551666,0.7536161541938782,0.3189237117767334,0.5715522766113281,0.8058749437332153,0.5305050611495972,0.6974779963493347,0.5914365649223328,0.41391104459762573,0.7358513474464417,0.32390713691711426,0.5696727633476257,0.7963762283325195,0.5633752942085266,0.6889436841011047,0.5930144190788269,0.42845672369003296,0.716044545173645,0.32223933935165405,0.5758930444717407,0.787391185760498,0.5350754261016846,0.6052946448326111,0.6306162476539612,0.4191785156726837,0.04916059225797653,0.9999715089797974,0.64882892370224,0.5247265696525574,-0.04985949024558067,0.9999748468399048,0.6517572999000549,0.16954195499420166,0.0019036100711673498,0.8010708093643188,0.6633632183074951,0.46838733553886414,-0.3342449367046356,0.9801139831542969,0.8071865439414978,0.13256870210170746,-0.04897713288664818,0.6628392338752747,0.8636135458946228,0.46437761187553406,-0.4773426055908203,0.8940315246582031,0.8374003171920776,0.1609988659620285,-0.05289304256439209,0.8898748159408569,0.8750892877578735,0.4810982644557953,-0.4881078898906708,0.9230697154998779,0.8392226099967957,0.02023380808532238,-0.10793416202068329,0.6912767887115479,0.9330266714096069,0.4750851094722748,-0.5217697620391846,0.8960825204849243,0
