x_0,y_0,z_0,vis_0,x_1,y_1,z_1,vis_1,x_2,y_2,z_2,vis_2,x_3,y_3,z_3,vis_3,x_4,y_4,z_4,vis_4,x_5,y_5,z_5,vis_5,x_6,y_6,z_6,vis_6,x_7,y_7,z_7,vis_7,x_8,y_8,z_8,vis_8,x_9,y_9,z_9,vis_9,x_10,y_10,z_10,vis_10,x_11,y_11,z_11,vis_11,x_12,y_12,z_12,vis_12,x_13,y_13,z_13,vis_13,x_14,y_14,z_14,vis_14,x_15,y_15,z_15,vis_15,x_16,y_16,z_16,vis_16,x_17,y_17,z_17,vis_17,x_18,y_18,z_18,vis_18,x_19,y_19,z_19,vis_19,x_20,y_20,z_20,vis_20,x_21,y_21,z_21,vis_21,x_22,y_22,z_22,vis_22,x_23,y_23,z_23,vis_23,x_24,y_24,z_24,vis_24,x_25,y_25,z_25,vis_25,x_26,y_26,z_26,vis_26,x_27,y_27,z_27,vis_27,x_28,y_28,z_28,vis_28,x_29,y_29,z_29,vis_29,x_30,y_30,z_30,vis_30,x_31,y_31,z_31,vis_31,x_32,y_32,z_32,vis_32,label
0.36467301845550537,0.4068288505077362,-0.06089813634753227,0.9980878233909607,0.36372068524360657,0.3770179748535156,-0.021957775577902794,0.9960473775863647,0.36913132667541504,0.37772759795188904,-0.02241218090057373,0.9952817559242249,0.37432581186294556,0.3782748878002167,-0.022242221981287003,0.9963926672935486,0.3447228670120239,0.3782484233379364,-0.0472901314496994,0.9979228377342224,0.3361525535583496,0.3809278607368469,-0.04798201471567154,0.9983420968055725,0.32727187871932983,0.3841926157474518,-0.048385974019765854,0.9989793300628662,0.36300793290138245,0.40306520462036133,0.1489424705505371,0.9966757893562317,0.29705482721328735,0.4191269278526306,0.037517350167036057,0.997532069683075,0.374442994594574,0.4528966546058655,0.009438131004571915,0.9961677193641663,0.3513682186603546,0.4561227262020111,-0.027226785197854042,0.9965508580207825,0.42858991026878357,0.6360452175140381,0.26081031560897827,0.9977120161056519,0.24950912594795227,0.652678906917572,-0.0042831674218177795,0.9991600513458252,0.4293488562107086,0.9161436557769775,0.3909218907356262,0.03279391676187515,0.19161084294319153,0.8980052471160889,-0.28080812096595764,0.7585504055023193,0.46676701307296753,1.239141821861267,0.3603125810623169,0.02574455738067627,0.19348397850990295,0.6305268406867981,-0.5665252208709717,0.8511475324630737,0.4855278432369232,1.313621163368225,0.3706092834472656,0.04717202112078667,0.1924874484539032,0.5717125535011292,-0.6416387557983398,0.8512436151504517,0.47795742750167847,1.305601716041565,0.31521812081336975,0.06395141035318375,0.20320892333984375,0.5448522567749023,-0.6196482181549072,0.8654307723045349,0.468600332736969,1.2837029695510864,0.34016117453575134,0.07064110040664673,0.21128372848033905,0.5738437175750732,-0.5664969086647034,0.8490186333656311,0.44404110312461853,1.2456859350204468,0.09172873944044113,0.11097580194473267,0.30195629596710205,1.256908893585205,-0.09214194118976593,0.16977858543395996,0.4974740147590637,1.8122650384902954,0.03408753499388695,0.0002664881758391857,0.33799800276756287,1.7772421836853027,-0.517533540725708,0.0019515728345140815,0.4883268475532532,2.307576894760132,0.14844010770320892,0.0002276614832226187,0.3558151125907898,2.3174805641174316,-0.3732317090034485,0.0009057707502506673,0.48686885833740234,2.3889739513397217,0.14904513955116272,0.0009004298481158912,0.3432329297065735,2.4145712852478027,-0.35811030864715576,0.001255042850971222,0.4924231469631195,2.415705442428589,0.014211563393473625,0.00047033041482791305,0.40438705682754517,2.4172635078430176,-0.4953935146331787,0.0010780206648632884,1
0.36376678943634033,0.4033665955066681,-0.05185476690530777,0.9981880187988281,0.36365801095962524,0.3764372169971466,-0.012721704319119453,0.9962764978408813,0.3690192997455597,0.3774791359901428,-0.013186708092689514,0.9955471158027649,0.37423163652420044,0.3781812787055969,-0.01305475551635027,0.9965752959251404,0.3445759415626526,0.37723973393440247,-0.04384130239486694,0.9980589151382446,0.3359764516353607,0.38033783435821533,-0.04452701285481453,0.9984609484672546,0.32721611857414246,0.38392913341522217,-0.04489848390221596,0.9990530014038086,0.36385661363601685,0.40305718779563904,0.15966841578483582,0.9968633651733398,0.297088623046875,0.4191738963127136,0.04679131507873535,0.9977327585220337,0.37414929270744324,0.45160233974456787,0.02099468931555748,0.9963569045066833,0.35103023052215576,0.45370978116989136,-0.019606081768870354,0.9967598915100098,0.42896682024002075,0.6349248886108398,0.2682804763317108,0.9976379871368408,0.24975979328155518,0.6502617597579956,-0.003113208105787635,0.9992204904556274,0.4299444258213043,0.913884162902832,0.4129696786403656,0.030126452445983887,0.19065327942371368,0.8970836997032166,-0.24542668461799622,0.7655557990074158,0.4676979184150696,1.219791293144226,0.45797276496887207,0.023724151775240898,0.18833273649215698,0.6300395131111145,-0.48926982283592224,0.8642804026603699,0.4867796003818512,1.2933034896850586,0.48296982049942017,0.04408252611756325,0.191140279173851,0.5667534470558167,-0.5564731359481812,0.8645780682563782,0.479219913482666,1.289563536643982,0.42691245675086975,0.059879548847675323,0.2023131102323532,0.542777955532074,-0.5334089994430542,0.8775991797447205,0.46989989280700684,1.2693403959274292,0.4398050308227539,0.06635969132184982,0.20955157279968262,0.5716865062713623,-0.4880369305610657,0.8623785376548767,0.4445139467716217,1.2366780042648315,0.09078191965818405,0.1037370041012764,0.3020778298377991,1.2468262910842896,-0.09122627973556519,0.16277162730693817,0.49584245681762695,1.803493618965149,0.020431090146303177,0.0002516957465559244,0.33762139081954956,1.7608627080917358,-0.5072110295295715,0.0019007169175893068,0.486453115940094,2.302863836288452,0.09031108766794205,0.00021874529193155468,0.3542187809944153,2.303075075149536,-0.33677902817726135,0.0008971434435807168,0.48510971665382385,2.3863868713378906,0.0872993990778923,0.0008806112455204129,0.3416159152984619,2.402190685272217,-0.3208162188529968,0.0012567936209961772,0.4899076521396637,2.404728412628174,-0.03338279575109482,0.0004569578741211444,0.4033043384552002,2.3906846046447754,-0.4509994089603424,0.0010713193332776427,1
0.3636121153831482,0.40212318301200867,-0.07284022867679596,0.998302698135376,0.3641167879104614,0.3748076856136322,-0.03252102807164192,0.9965192675590515,0.3700476288795471,0.37590816617012024,-0.032980017364025116,0.9958345293998718,0.37562835216522217,0.37670212984085083,-0.032807059586048126,0.996768593788147,0.34454789757728577,0.375871479511261,-0.0563826784491539,0.9981998801231384,0.33584994077682495,0.37953877449035645,-0.057095546275377274,0.9985818862915039,0.32708707451820374,0.3835272192955017,-0.0575229749083519,0.9991263151168823,0.36591026186943054,0.402659147977829,0.1396673321723938,0.9970498085021973,0.2976178526878357,0.41917508840560913,0.04066655412316322,0.9979245662689209,0.37482407689094543,0.45121482014656067,-0.0030087169725447893,0.9965324401855469,0.35121914744377136,0.45364388823509216,-0.03632465749979019,0.9969592094421387,0.43071064352989197,0.6349916458129883,0.2617637515068054,0.9975554347038269,0.25321048498153687,0.6497096419334412,-0.005409428384155035,0.9992789626121521,0.42878857254981995,0.9130547642707825,0.4144662320613861,0.027492107823491096,0.19013665616512299,0.8955748081207275,-0.2749341130256653,0.7703940868377686,0.466658353805542,1.2170661687850952,0.4501948952674866,0.021805359050631523,0.18316763639450073,0.6288707256317139,-0.5614559054374695,0.8767662644386292,0.48583561182022095,1.2898364067077637,0.472827672958374,0.04123114049434662,0.18900176882743835,0.5580039620399475,-0.634749710559845,0.8772475123405457,0.4788378179073334,1.2846941947937012,0.4162514805793762,0.05611346662044525,0.20066770911216736,0.5414550304412842,-0.6086556315422058,0.8890892267227173,0.4697270393371582,1.2637351751327515,0.43144458532333374,0.06233809515833855,0.20712554454803467,0.5712798833847046,-0.5597915053367615,0.8750985264778137,0.4448496401309967,1.2366632223129272,0.09038791805505753,0.09844418615102768,0.30241328477859497,1.246164083480835,-0.09084935486316681,0.16025206446647644,0.4956233501434326,1.8046272993087769,-0.0170492734760046,0.00023769510153215379,0.33797621726989746,1.761312484741211,-0.49707555770874023,0.0018455686513334513,0.48466143012046814,2.3038060665130615,-0.0218450166285038,0.00021184983779676259,0.35319456458091736,2.3052780628204346,-0.36293110251426697,0.0008881961111910641,0.4830440580844879,2.388331174850464,-0.033245109021663666,0.0008731124107725918,0.3398398756980896,2.404694080352783,-0.35101476311683655,0.0012719532242044806,0.48837384581565857,2.4013876914978027,-0.16443471610546112,0.00045116880210116506,0.4042946398258209,2.3894362449645996,-0.4753974974155426,0.0010659722611308098,1
0.36844542622566223,0.40189874172210693,-0.06440948694944382,0.9984254837036133,0.36818772554397583,0.3744925260543823,-0.02386350743472576,0.9967771172523499,0.3742900490760803,0.3755115568637848,-0.02429460920393467,0.996145486831665,0.379920095205307,0.37621164321899414,-0.024115126579999924,0.9969858527183533,0.3479469120502472,0.3757180869579315,-0.04725167155265808,0.9983426332473755,0.33890655636787415,0.3794157803058624,-0.04795730859041214,0.9987015128135681,0.3293611407279968,0.38345515727996826,-0.048370424658060074,0.999198853969574,0.37015500664711,0.40252211689949036,0.14650611579418182,0.9972637891769409,0.30034980177879333,0.41909345984458923,0.04681134968996048,0.9981109499931335,0.37988781929016113,0.4511450529098511,0.004651924129575491,0.9967541694641113,0.35557401180267334,0.4536217153072357,-0.028406430035829544,0.9971855282783508,0.43247103691101074,0.635614275932312,0.26413238048553467,0.9976245760917664,0.2552797198295593,0.6481215357780457,-0.001954601611942053,0.9993409514427185,0.4269455075263977,0.9135552048683167,0.4117928147315979,0.025145191699266434,0.18930381536483765,0.8940473794937134,-0.2694489359855652,0.7747955322265625,0.4622909128665924,1.2267158031463623,0.44609856605529785,0.020257283002138138,0.17673678696155548,0.6272004842758179,-0.5542557835578918,0.8884396553039551,0.4819018244743347,1.2988510131835938,0.4708179831504822,0.03925643861293793,0.18348698318004608,0.5568198561668396,-0.6264657378196716,0.8890193700790405,0.4741751551628113,1.2917314767837524,0.4122306704521179,0.053564686328172684,0.19701392948627472,0.5409125089645386,-0.5998836755752563,0.8997437953948975,0.465154230594635,1.2730432748794556,0.428917795419693,0.05966446176171303,0.20287112891674042,0.5708710551261902,-0.5521423816680908,0.886978805065155,0.4447406828403473,1.229882836341858,0.08644606173038483,0.09285236150026321,0.30331140756607056,1.2374041080474854,-0.08694812655448914,0.1561354696750641,0.4958796501159668,1.8036916255950928,-0.05250508338212967,0.00022574086324311793,0.3382168114185333,1.7598953247070312,-0.4943081736564636,0.0017939808312803507,0.4847171902656555,2.297247886657715,-0.0789484828710556,0.0002107198815792799,0.353829562664032,2.301642894744873,-0.39232659339904785,0.0008954359800554812,0.48308414220809937,2.382234573364258,-0.09198246896266937,0.000896843324881047,0.34009677171707153,2.4028735160827637,-0.38239791989326477,0.0013199143577367067,0.48833951354026794,2.3951001167297363,-0.21743109822273254,0.00045551409129984677,0.404619038105011,2.3856096267700195,-0.49840736389160156,0.0010762254241853952,1
0.37185195088386536,0.40221235156059265,-0.08112121373414993,0.9985287189483643,0.37163859605789185,0.37460505962371826,-0.04057440534234047,0.9970061182975769,0.3777713179588318,0.3755376935005188,-0.041011616587638855,0.9964192509651184,0.38341838121414185,0.3761999011039734,-0.04084867611527443,0.9971827864646912,0.3511480689048767,0.3759913146495819,-0.06446638703346252,0.9984673261642456,0.34180015325546265,0.37959611415863037,-0.0651727169752121,0.9988049864768982,0.33163756132125854,0.3836185932159424,-0.06558290123939514,0.9992616176605225,0.373588502407074,0.4026391804218292,0.13813559710979462,0.9974501729011536,0.3022650480270386,0.41924455761909485,0.03521699830889702,0.9982706308364868,0.3835006356239319,0.4514637887477875,-0.008044427260756493,0.9968970417976379,0.35851767659187317,0.4545096158981323,-0.04196794331073761,0.9973447918891907,0.4324990212917328,0.6357036232948303,0.2638741433620453,0.9975376725196838,0.25739461183547974,0.6479963660240173,-0.0024169194512069225,0.9993818402290344,0.4216589331626892,0.9144667983055115,0.42343759536743164,0.022998826578259468,0.1887579709291458,0.8946946263313293,-0.26742488145828247,0.7790751457214355,0.4550568163394928,1.2186872959136963,0.47510337829589844,0.018606336787343025,0.17610310018062592,0.6251264214515686,-0.5529941320419312,0.8975028395652771,0.4729960560798645,1.2906502485275269,0.5025173425674438,0.03654841333627701,0.18384858965873718,0.5562531352043152,-0.6148329973220825,0.8983325362205505,0.4664216935634613,1.282308578491211,0.44912904500961304,0.04995903745293617,0.19627274572849274,0.5401726365089417,-0.5877550840377808,0.9082810282707214,0.4581420421600342,1.2639833688735962,0.45860689878463745,0.05577322468161583,0.20122882723808289,0.5699566006660461,-0.5484380125999451,0.8962661623954773,0.4431891441345215,1.2357279062271118,0.08636247366666794,0.08630228042602539,0.3018561601638794,1.2453711032867432,-0.08686624467372894,0.1476283222436905,0.49598628282546997,1.8038939237594604,-0.04783777520060539,0.00021205826487857848,0.33807411789894104,1.7680206298828125,-0.485196977853775,0.0017309881513938308,0.48480111360549927,2.2965891361236572,-0.06266110390424728,0.0002032945485552773,0.35377079248428345,2.3038816452026367,-0.36211174726486206,0.0008726962842047215,0.4833299517631531,2.3813281059265137,-0.0746479481458664,0.0008929545874707401,0.33935004472732544,2.403891086578369,-0.3483036458492279,0.0013243730645626783,0.48872852325439453,2.390932083129883,-0.2060224711894989,0.0004450514097698033,0.40783485770225525,2.3898422718048096,-0.4939086437225342,0.0010548962745815516,1
0.3728116750717163,0.4021700918674469,-0.07779480516910553,0.9985723495483398,0.3728407919406891,0.37428584694862366,-0.03830985352396965,0.9971204400062561,0.3789847195148468,0.37527740001678467,-0.0387544110417366,0.9965541362762451,0.3847184181213379,0.37600940465927124,-0.03859856352210045,0.9972589612007141,0.351969450712204,0.37536367774009705,-0.06280633807182312,0.998538613319397,0.3427029848098755,0.37879693508148193,-0.06352250277996063,0.998871922492981,0.3326009213924408,0.3827792704105377,-0.06393887102603912,0.999302327632904,0.3742261528968811,0.40212398767471313,0.1381102204322815,0.9975451827049255,0.30292004346847534,0.41814881563186646,0.03185604512691498,0.9983921647071838,0.38384997844696045,0.45139431953430176,-0.00529280724003911,0.996938169002533,0.3588081896305084,0.4540361762046814,-0.04021605849266052,0.9974344968795776,0.43193626403808594,0.6340252161026001,0.26254603266716003,0.9974254369735718,0.25739550590515137,0.6469635367393494,5.959438203717582e-05,0.9994145631790161,0.4218077063560486,0.9145263433456421,0.42074790596961975,0.021162528544664383,0.18856805562973022,0.8939588665962219,-0.25076502561569214,0.7825676798820496,0.4542754590511322,1.2063179016113281,0.44274482131004333,0.01721680909395218,0.177084282040596,0.6279292106628418,-0.5121133923530579,0.9058364033699036,0.471427857875824,1.2770577669143677,0.46382227540016174,0.03433477506041527,0.1842920482158661,0.5568879842758179,-0.5766023993492126,0.9068946838378906,0.46499866247177124,1.267057180404663,0.41092973947525024,0.04698943719267845,0.1966656893491745,0.5393652319908142,-0.5539599657058716,0.9161058068275452,0.45690107345581055,1.2484023571014404,0.4250830113887787,0.05257964879274368,0.20143714547157288,0.56846022605896,-0.509850263595581,0.9047548174858093,0.4424753785133362,1.2358616590499878,0.08497388660907745,0.08196661621332169,0.30193090438842773,1.2456821203231812,-0.08547130227088928,0.1437399834394455,0.4960708022117615,1.8053339719772339,-0.04497654363512993,0.00020667856733780354,0.33959686756134033,1.7689990997314453,-0.4278951585292816,0.001705432077869773,0.48701930046081543,2.2928054332733154,-0.00721620162948966,0.0002012442419072613,0.35601240396499634,2.300314426422119,-0.26330530643463135,0.0008691614493727684,0.4863418936729431,2.373943328857422,-0.010430751368403435,0.0008965717279352248,0.34121382236480713,2.3962697982788086,-0.24562087655067444,0.001329938881099224,0.4895220398902893,2.3926773071289062,-0.11802198737859726,0.00044344132766127586,0.4098673462867737,2.390272378921509,-0.35958823561668396,0.0010508394334465265,1
0.37254220247268677,0.40214046835899353,-0.07288319617509842,0.9985970854759216,0.37292319536209106,0.3742046356201172,-0.032585714012384415,0.9971964359283447,0.37909021973609924,0.3752538561820984,-0.03302290290594101,0.9966452121734619,0.3849407732486725,0.3759787976741791,-0.03285440057516098,0.9973039627075195,0.3519499897956848,0.37474870681762695,-0.05590325593948364,0.9985865950584412,0.34278604388237,0.3778407573699951,-0.05662044882774353,0.9989210963249207,0.33284613490104675,0.3815588355064392,-0.05703732371330261,0.9993319511413574,0.37437981367111206,0.4020058810710907,0.13888682425022125,0.997621476650238,0.3031828999519348,0.4158417284488678,0.03732912242412567,0.9984927177429199,0.3834303915500641,0.45133161544799805,-0.00448850030079484,0.9969808459281921,0.35858458280563354,0.45378372073173523,-0.03651275858283043,0.9975116848945618,0.4297558665275574,0.631476879119873,0.2690536379814148,0.9974268674850464,0.25722700357437134,0.6461669206619263,0.00509300921112299,0.9994471073150635,0.4219551682472229,0.9145005345344543,0.42689603567123413,0.01960618980228901,0.1854747235774994,0.8979991674423218,-0.2442627251148224,0.789656937122345,0.45555734634399414,1.2060307264328003,0.43601760268211365,0.01614765077829361,0.17329826951026917,0.6226733326911926,-0.509364128112793,0.9138573408126831,0.4734099805355072,1.2773869037628174,0.45388054847717285,0.03277610242366791,0.18472422659397125,0.5488852262496948,-0.5764466524124146,0.9149460196495056,0.46679550409317017,1.2680678367614746,0.40064215660095215,0.04489729553461075,0.19700175523757935,0.5298702716827393,-0.5512598156929016,0.9234163761138916,0.458355188369751,1.2488007545471191,0.4177064299583435,0.05033809691667557,0.20058205723762512,0.5610114932060242,-0.5063904523849487,0.9127205014228821,0.44167524576187134,1.2368659973144531,0.08485118299722672,0.07867679744958878,0.30197542905807495,1.24587082862854,-0.08534694463014603,0.1412886083126068,0.4991167187690735,1.806563138961792,-0.019922463223338127,0.0002017098740907386,0.34028396010398865,1.7691364288330078,-0.3950956165790558,0.0016930191777646542,0.49414315819740295,2.290682554244995,0.07872675359249115,0.00019862984481733292,0.361172616481781,2.300027847290039,-0.1963471919298172,0.0008662522304803133,0.4943915009498596,2.3695151805877686,0.08010481297969818,0.0008933536009863019,0.3464767634868622,2.39436674118042,-0.1750756949186325,0.0013329280773177743,0.49555596709251404,2.3940041065216064,-0.034992653876543045,0.0004376493161544204,0.4194297790527344,2.3914589881896973,-0.2861776351928711,0.0010398468002676964,1
0.37353724241256714,0.4019612669944763,-0.017282947897911072,0.9986215233802795,0.3733211159706116,0.3739739656448364,0.021664226427674294,0.9972741007804871,0.37932875752449036,0.3751305341720581,0.02123301476240158,0.996731162071228,0.3851611614227295,0.37594521045684814,0.021388959139585495,0.9973544478416443,0.3529947102069855,0.3737289309501648,-0.0044183144345879555,0.9986330270767212,0.3442414402961731,0.37627169489860535,-0.005109298974275589,0.9989655017852783,0.33436691761016846,0.37951090931892395,-0.005498047918081284,0.999360203742981,0.37458378076553345,0.4018000662326813,0.19049939513206482,0.9976916909217834,0.3036074936389923,0.41316676139831543,0.07774816453456879,0.9985836744308472,0.38373708724975586,0.45093685388565063,0.052053261548280716,0.997022807598114,0.3586907982826233,0.453382283449173,0.015564864501357079,0.99757981300354,0.427409827709198,0.6253184080123901,0.3075271546840668,0.997427225112915,0.25805598497390747,0.6443789005279541,0.03668161854147911,0.9994807243347168,0.41972726583480835,0.9144749045372009,0.46353068947792053,0.018109284341335297,0.1824001967906952,0.9004917740821838,-0.2150995284318924,0.7987411022186279,0.45448794960975647,1.2058004140853882,0.46838393807411194,0.015056746080517769,0.1707543581724167,0.6171739101409912,-0.47157740592956543,0.9211882948875427,0.4732576012611389,1.2784985303878784,0.4869106411933899,0.030967507511377335,0.18511033058166504,0.5434421300888062,-0.5372348427772522,0.9222212433815002,0.4671626091003418,1.2697805166244507,0.4342525899410248,0.04241705313324928,0.19720947742462158,0.5238520503044128,-0.5089364051818848,0.9300034046173096,0.45831170678138733,1.249549388885498,0.4501848816871643,0.04766083508729935,0.19965310394763947,0.5553044080734253,-0.46732568740844727,0.9199237823486328,0.441293329000473,1.2330749034881592,0.08576701581478119,0.0773504376411438,0.30213773250579834,1.2435383796691895,-0.08626468479633331,0.143355593085289,0.5025786757469177,1.8048955202102661,-0.016174092888832092,0.00020012159075122327,0.3409983813762665,1.7698283195495605,-0.41109126806259155,0.001759747858159244,0.4962276816368103,2.2862648963928223,0.07192574441432953,0.00020018615759909153,0.36241787672042847,2.300103187561035,-0.23313984274864197,0.0008997605764307082,0.49532222747802734,2.3647446632385254,0.07125167548656464,0.000909777358174324,0.3469375669956207,2.394606590270996,-0.21395961940288544,0.0013920781202614307,0.4992154538631439,2.392656087875366,-0.054499559104442596,0.00043947368976660073,0.4241524338722229,2.392152786254883,-0.3250935673713684,0.0010639477986842394,1
0.37379926443099976,0.4016851782798767,-0.0366203598678112,0.998576283454895,0.37345588207244873,0.3729456067085266,-0.0008336898172274232,0.9971932172775269,0.37950921058654785,0.3744397759437561,-0.001294038025662303,0.9966453909873962,0.38546139001846313,0.3755664527416229,-0.0011381569784134626,0.9972415566444397,0.35326823592185974,0.37163683772087097,-0.02358475886285305,0.9986038208007812,0.3446804881095886,0.3738187551498413,-0.02426907792687416,0.9989643692970276,0.3350186049938202,0.376827210187912,-0.024671297520399094,0.9993579983711243,0.3752835988998413,0.4010840952396393,0.15936273336410522,0.9976494312286377,0.30533382296562195,0.409712553024292,0.060702718794345856,0.9986311793327332,0.38387030363082886,0.4507719576358795,0.029828360304236412,0.9969386458396912,0.3586104214191437,0.45312467217445374,-0.002676523756235838,0.9975682497024536,0.4301319122314453,0.6254521012306213,0.2711997628211975,0.9974525570869446,0.2580292224884033,0.6430124044418335,0.02943621575832367,0.9995121359825134,0.4200393557548523,0.9155057072639465,0.41463080048561096,0.016766104847192764,0.18033282458782196,0.8999250531196594,-0.22420409321784973,0.7979593873023987,0.45584121346473694,1.2175906896591187,0.4159201681613922,0.014183685183525085,0.1716659963130951,0.614253580570221,-0.48864731192588806,0.9278033971786499,0.4766862392425537,1.2942328453063965,0.43325868248939514,0.02979184128344059,0.1852828860282898,0.5411736369132996,-0.5562971830368042,0.9289609789848328,0.4688854217529297,1.2882829904556274,0.3793182969093323,0.04084382951259613,0.1973675787448883,0.5217094421386719,-0.5228093266487122,0.9361023306846619,0.459130197763443,1.2680904865264893,0.3975902199745178,0.04599412903189659,0.19991862773895264,0.5529037714004517,-0.48318538069725037,0.9266552925109863,0.4412969648838043,1.2303295135498047,0.08553260564804077,0.0755007266998291,0.30233797430992126,1.240749478340149,-0.08602802455425262,0.14370958507061005,0.5028595328330994,1.8029141426086426,0.01075616106390953,0.00018981382891070098,0.34091296792030334,1.7673227787017822,-0.42106446623802185,0.0017177570844069123,0.4960145354270935,2.281486749649048,0.1312393993139267,0.00019256994710303843,0.3617345094680786,2.2983007431030273,-0.26169443130493164,0.0008991284994408488,0.4952530264854431,2.3593873977661133,0.1340116709470749,0.0008857946959324181,0.34627360105514526,2.394286632537842,-0.2469772845506668,0.0013931554276496172,0.49896082282066345,2.390730142593384,0.02873929962515831,0.0004245359741616994,0.4219510555267334,2.3880207538604736,-0.35675856471061707,0.0010580859379842877,1
0.37792521715164185,0.4015299379825592,-0.03792924806475639,0.9985417723655701,0.3749295473098755,0.3724025785923004,-0.004230586811900139,0.997153103351593,0.3805006146430969,0.3741636872291565,-0.004702216945588589,0.9966118335723877,0.3861137330532074,0.3754711151123047,-0.004553212784230709,0.9971870183944702,0.3557843267917633,0.3701992928981781,-0.027586955577135086,0.998588502407074,0.34775054454803467,0.37197864055633545,-0.028268778696656227,0.9989697337150574,0.3386824131011963,0.37456148862838745,-0.028663793578743935,0.999360978603363,0.37525367736816406,0.40060335397720337,0.15018361806869507,0.9976563453674316,0.30897873640060425,0.40610024333000183,0.047024648636579514,0.9986832737922668,0.3853205740451813,0.45072224736213684,0.026635870337486267,0.9969422817230225,0.3608095049858093,0.45289725065231323,-0.006733774207532406,0.9976053833961487,0.43094325065612793,0.6266251802444458,0.25373008847236633,0.9975085854530334,0.25746697187423706,0.642989456653595,0.020354844629764557,0.9995416402816772,0.42054152488708496,0.9156936407089233,0.39316055178642273,0.015732428058981895,0.17939135432243347,0.899523138999939,-0.2274816781282425,0.8020006418228149,0.45631107687950134,1.2216448783874512,0.3833461105823517,0.013620391488075256,0.1720810979604721,0.6112914681434631,-0.48185214400291443,0.9338802099227905,0.47684502601623535,1.2993178367614746,0.3979184925556183,0.029312895610928535,0.18580827116966248,0.5396589636802673,-0.5472449064254761,0.9351118803024292,0.4694162905216217,1.2927652597427368,0.3445749878883362,0.04026685282588005,0.19813570380210876,0.5191984176635742,-0.518925130367279,0.9416860938072205,0.4597643315792084,1.272087574005127,0.3649165630340576,0.04541363939642906,0.20090024173259735,0.5498680472373962,-0.4777816832065582,0.93283611536026,0.4403141438961029,1.2318600416183472,0.08382481336593628,0.07260779291391373,0.3015436828136444,1.2420177459716797,-0.08430740237236023,0.1408819556236267,0.5028452277183533,1.8034683465957642,0.020122824236750603,0.00018103813636116683,0.33987781405448914,1.7678287029266357,-0.4156548082828522,0.0016903982032090425,0.4958323538303375,2.27899169921875,0.1529252827167511,0.0001859565090853721,0.36121535301208496,2.2970731258392334,-0.25326773524284363,0.0009033644455485046,0.4950506091117859,2.355395793914795,0.15753252804279327,0.0008678619633428752,0.34577086567878723,2.3931002616882324,-0.23607926070690155,0.0014060019748285413,0.4984779953956604,2.390101194381714,0.058614425361156464,0.00041279837023466825,0.42057353258132935,2.3854434490203857,-0.342954158782959,0.001063849776983261,1
0.3774975538253784,0.3970785439014435,-0.038463763892650604,0.9984948635101318,0.37480390071868896,0.36968815326690674,-0.004307476803660393,0.9970849752426147,0.3804396986961365,0.37249356508255005,-0.004777674097567797,0.9965442419052124,0.3861108422279358,0.37453100085258484,-0.004628303926438093,0.9970895648002625,0.35553616285324097,0.36547157168388367,-0.027636954560875893,0.9985542893409729,0.347448468208313,0.3667696714401245,-0.028319979086518288,0.9989616870880127,0.3383832573890686,0.3688267171382904,-0.028714457526803017,0.9993525147438049,0.3758710026741028,0.3997689187526703,0.15120157599449158,0.9976386427879333,0.3104495704174042,0.40277212858200073,0.047024451196193695,0.9987176060676575,0.38520437479019165,0.44879764318466187,0.026558363810181618,0.9968810081481934,0.36061474680900574,0.4467598795890808,-0.00679816585034132,0.9975960850715637,0.43047037720680237,0.6270520091056824,0.25617873668670654,0.9975466728210449,0.2584812343120575,0.6372890472412109,0.010089060291647911,0.9995670914649963,0.41944700479507446,0.9190436601638794,0.39341238141059875,0.014719370752573013,0.17985035479068756,0.8990789651870728,-0.2668468654155731,0.8016592264175415,0.45272135734558105,1.2235889434814453,0.35528644919395447,0.01315823569893837,0.1778956949710846,0.6080859899520874,-0.5593981146812439,0.939236581325531,0.4733516573905945,1.300584316253662,0.3653525114059448,0.02917622961103916,0.19136668741703033,0.536130964756012,-0.6375629901885986,0.9405970573425293,0.4655265808105469,1.2925701141357422,0.31049486994743347,0.04009200632572174,0.20363104343414307,0.5162904262542725,-0.6061813235282898,0.9466412663459778,0.455833375453949,1.2723561525344849,0.33525604009628296,0.04519364610314369,0.20569483935832977,0.5464552044868469,-0.5556818842887878,0.9382906556129456,0.43677178025245667,1.232351303100586,0.0900258868932724,0.07241759449243546,0.30158689618110657,1.242541790008545,-0.09047681093215942,0.1439496874809265,0.5016492605209351,1.8037469387054443,0.08198697119951248,0.00017542943533044308,0.3405471742153168,1.7680692672729492,-0.41492289304733276,0.0017281502950936556,0.49369102716445923,2.279653310775757,0.2420232743024826,0.00018380541587248445,0.3608365058898926,2.297546625137329,-0.24641194939613342,0.0009330334141850471,0.49227356910705566,2.3560714721679688,0.2492038756608963,0.000865365844219923,0.34528613090515137,2.393597364425659,-0.22800472378730774,0.001431346288882196,0.49672919511795044,2.3907551765441895,0.15421104431152344,0.00040838459972292185,0.42111462354660034,2.3867406845092773,-0.3372369408607483,0.0010872946586459875,1
0.3720817565917969,0.39393553137779236,-0.0456351563334465,0.9983123540878296,0.3733227849006653,0.36809733510017395,-0.014591996558010578,0.9967449903488159,0.37917962670326233,0.37151557207107544,-0.015058213844895363,0.9961639642715454,0.3851107060909271,0.3740652799606323,-0.014915945939719677,0.9967191815376282,0.3535287082195282,0.3634077310562134,-0.03410263732075691,0.998396098613739,0.34590956568717957,0.36473986506462097,-0.034808170050382614,0.9988778233528137,0.33744245767593384,0.36675259470939636,-0.03523058071732521,0.9993013739585876,0.3762514293193817,0.3990417420864105,0.13261009752750397,0.997419536113739,0.31190329790115356,0.4004272520542145,0.04536163806915283,0.9986920356750488,0.38263237476348877,0.44722121953964233,0.01665283925831318,0.9966297745704651,0.35531604290008545,0.4416775107383728,-0.012074794620275497,0.9974688291549683,0.43051227927207947,0.6294808983802795,0.2424376755952835,0.9974303245544434,0.25846347212791443,0.6340168714523315,0.00974586047232151,0.9995791912078857,0.41982942819595337,0.9212663173675537,0.3619471490383148,0.013871949166059494,0.17977425456047058,0.8987693786621094,-0.2549663186073303,0.8009167313575745,0.4528481066226959,1.226498007774353,0.31476110219955444,0.012613747268915176,0.18030089139938354,0.6059657335281372,-0.554537296295166,0.9439362287521362,0.473191499710083,1.3031364679336548,0.3227477967739105,0.028689786791801453,0.1924617737531662,0.5360698103904724,-0.6297070384025574,0.9454376697540283,0.4647506773471832,1.2946302890777588,0.2678688168525696,0.03949059173464775,0.20501475036144257,0.5160238742828369,-0.5983843803405762,0.9510430693626404,0.45501193404197693,1.2741456031799316,0.2949686348438263,0.04452626779675484,0.20649456977844238,0.5457916855812073,-0.5523173809051514,0.9430996775627136,0.43370288610458374,1.2356661558151245,0.08580058068037033,0.06982790678739548,0.29921528697013855,1.2427809238433838,-0.08625130355358124,0.14152979850769043,0.49654874205589294,1.8051962852478027,0.06985891610383987,0.0001688141346676275,0.3338254988193512,1.7692079544067383,-0.38065305352211,0.001697880681604147,0.4860715866088867,2.280585527420044,0.275072306394577,0.00017866797861643136,0.34934213757514954,2.29660701751709,-0.1656276136636734,0.0009213550947606564,0.4854017198085785,2.3566479682922363,0.28721359372138977,0.000843902351334691,0.3337786793708801,2.3899614810943604,-0.14285774528980255,0.0013986430130898952,0.48404693603515625,2.391810894012451,0.1826639622449875,0.0003982716298196465,0.402646005153656,2.3874475955963135,-0.2592756450176239,0.0010732482187449932,1
0.37217921018600464,0.3939718008041382,-0.05573297664523125,0.9982832074165344,0.37334635853767395,0.36787116527557373,-0.024997394531965256,0.9966734647750854,0.3791883587837219,0.37133970856666565,-0.02546543814241886,0.9961016774177551,0.3851582705974579,0.3739567995071411,-0.02533002756536007,0.9966287016868591,0.35347625613212585,0.36286795139312744,-0.04530327394604683,0.9983689188957214,0.3458299934864044,0.36407411098480225,-0.04599873721599579,0.9988752603530884,0.3374289572238922,0.36599209904670715,-0.04642108827829361,0.999297022819519,0.37690383195877075,0.3978899121284485,0.12418732792139053,0.9974032640457153,0.3130899667739868,0.398844838142395,0.033965133130550385,0.9987277388572693,0.38258740305900574,0.44721224904060364,0.0075437999330461025,0.9965792298316956,0.355310320854187,0.4412464499473572,-0.022110287100076675,0.9974697232246399,0.43046051263809204,0.6289064884185791,0.23594054579734802,0.9974276423454285,0.25865983963012695,0.632178008556366,0.0032304234337061644,0.9995957016944885,0.4200668931007385,0.9210085272789001,0.3656700849533081,0.013169225305318832,0.1780703067779541,0.898551881313324,-0.25511735677719116,0.803238034248352,0.45332735776901245,1.226913332939148,0.34099894762039185,0.01229783147573471,0.18020275235176086,0.5989863276481628,-0.545747697353363,0.9484971165657043,0.4735235273838043,1.3031260967254639,0.35328370332717896,0.028710918501019478,0.1932399421930313,0.5295425653457642,-0.6194667816162109,0.9500347971916199,0.465305894613266,1.294703483581543,0.2993253767490387,0.039601799100637436,0.2053280770778656,0.5117847323417664,-0.5920343399047852,0.9552078247070312,0.45555704832077026,1.2746111154556274,0.3221004605293274,0.04466512054204941,0.20661389827728271,0.5413201451301575,-0.5443276166915894,0.9477263689041138,0.4339628219604492,1.2358756065368652,0.08496664464473724,0.06748609989881516,0.299241304397583,1.2429322004318237,-0.08540709316730499,0.13928470015525818,0.49565649032592773,1.8052455186843872,0.06695374101400375,0.00016331192455254495,0.3338795602321625,1.769866943359375,-0.383758008480072,0.0016881931805983186,0.4864840507507324,2.2771353721618652,0.26949259638786316,0.00017416317132301629,0.34955233335494995,2.2962753772735596,-0.17981258034706116,0.0009213940356858075,0.48652300238609314,2.352125644683838,0.2813587784767151,0.0008269341196864843,0.33384788036346436,2.3890349864959717,-0.15808483958244324,0.001386017189361155,0.48437732458114624,2.389371871948242,0.18424870073795319,0.0003897367278113961,0.4033595621585846,2.387964963912964,-0.27156737446784973,0.0010709908092394471,1
0.3728000521659851,0.3926772177219391,-0.06335599720478058,0.9982795715332031,0.3734442889690399,0.36616867780685425,-0.03344253450632095,0.9966285824775696,0.379280686378479,0.36997732520103455,-0.033902693539857864,0.9960745573043823,0.38534873723983765,0.3729971945285797,-0.03376653045415878,0.9965634346008301,0.353444904088974,0.36074137687683105,-0.05354897305369377,0.9983578324317932,0.3457774519920349,0.3620173931121826,-0.05425454303622246,0.9988832473754883,0.3374099135398865,0.3640981912612915,-0.05468940734863281,0.9993003606796265,0.37739506363868713,0.39586541056632996,0.11126558482646942,0.997383713722229,0.3136875331401825,0.39671775698661804,0.023612147197127342,0.9987725019454956,0.3828750252723694,0.446410596370697,-0.0013443639036267996,0.9965629577636719,0.3552800714969635,0.44003504514694214,-0.030449246987700462,0.9974984526634216,0.4309306740760803,0.6289305090904236,0.22689422965049744,0.9974620938301086,0.26188069581985474,0.630516529083252,-0.01011094730347395,0.9996179342269897,0.42025813460350037,0.9221870303153992,0.36409062147140503,0.012386824004352093,0.17720891535282135,0.8972992897033691,-0.2545292377471924,0.8077144622802734,0.45387569069862366,1.2285902500152588,0.34983623027801514,0.011986851692199707,0.17913082242012024,0.5906270146369934,-0.5063546895980835,0.9529483914375305,0.47537484765052795,1.3041614294052124,0.36469143629074097,0.02889222837984562,0.19323381781578064,0.5208637714385986,-0.5742723345756531,0.95442134141922,0.46654143929481506,1.2963334321975708,0.30973559617996216,0.03996472433209419,0.20554864406585693,0.5039085149765015,-0.544270396232605,0.9591652154922485,0.4561874270439148,1.2769314050674438,0.33079758286476135,0.04507945105433464,0.20681706070899963,0.5329333543777466,-0.5019590854644775,0.9521980285644531,0.4364200532436371,1.2368024587631226,0.08404864370822906,0.06479478627443314,0.30286943912506104,1.2435476779937744,-0.08449923992156982,0.1366746574640274,0.495745986700058,1.806195616722107,0.0637606829404831,0.00015366684237960726,0.3339647650718689,1.7733049392700195,-0.361024409532547,0.001613118452951312,0.48768430948257446,2.2760860919952393,0.2537495791912079,0.0001657637913012877,0.349730521440506,2.296492576599121,-0.1309063583612442,0.0008803981472738087,0.4890082776546478,2.350079298019409,0.264559805393219,0.0007944413810037076,0.33398187160491943,2.3891549110412598,-0.10602118074893951,0.0013303508749231696,0.4846685826778412,2.3886032104492188,0.1710924655199051,0.00037285243161022663,0.40370312333106995,2.3902575969696045,-0.2059708833694458,0.0010246987221762538,1
0.3746594488620758,0.39238545298576355,-0.07445460557937622,0.998352587223053,0.37363678216934204,0.3654673993587494,-0.04278066009283066,0.9967367649078369,0.3793662190437317,0.369245707988739,-0.04323633387684822,0.9962275624275208,0.3853939175605774,0.3723057210445404,-0.043101780116558075,0.9966565370559692,0.35389965772628784,0.3601977825164795,-0.06469085812568665,0.9984222650527954,0.3462347686290741,0.361569344997406,-0.0653805285692215,0.9989392757415771,0.3379673957824707,0.36377331614494324,-0.06580717116594315,0.9993318915367126,0.37742266058921814,0.3947302997112274,0.10398876667022705,0.9974796175956726,0.3145723044872284,0.39563441276550293,0.009368769824504852,0.9988496899604797,0.38434964418411255,0.4452586770057678,-0.012145358137786388,0.9966815114021301,0.3574138581752777,0.4399218261241913,-0.04323675483465195,0.9976125955581665,0.430978924036026,0.6281684041023254,0.22067971527576447,0.9975716471672058,0.2631070613861084,0.6291460394859314,-0.024285826832056046,0.9996452927589417,0.41958150267601013,0.9215322732925415,0.3615660071372986,0.011637471616268158,0.17610061168670654,0.8953322768211365,-0.26530665159225464,0.8134263753890991,0.4541396200656891,1.227701187133789,0.3571823537349701,0.011831800453364849,0.1762634813785553,0.5857242941856384,-0.5068585872650146,0.9572868347167969,0.47594714164733887,1.302131175994873,0.3727381229400635,0.02982139028608799,0.19271360337734222,0.5152109265327454,-0.5745397210121155,0.9586796164512634,0.4666123390197754,1.2947101593017578,0.3178265690803528,0.041377924382686615,0.20554034411907196,0.49687814712524414,-0.5440219044685364,0.9629882574081421,0.4564618170261383,1.2767571210861206,0.33842191100120544,0.04671952873468399,0.2066378891468048,0.5267378091812134,-0.5025798082351685,0.9566112756729126,0.43652358651161194,1.2289972305297852,0.08393071591854095,0.06317546218633652,0.3029167652130127,1.2386060953140259,-0.08438753336668015,0.13634710013866425,0.4957592487335205,1.801556944847107,-0.0003696315689012408,0.00014763908984605223,0.33405259251594543,1.7712290287017822,-0.3747538924217224,0.0015533301047980785,0.488196462392807,2.2664742469787598,0.11115163564682007,0.00016280946147162467,0.34978199005126953,2.293564796447754,-0.16946113109588623,0.000860569707583636,0.48981398344039917,2.3404574394226074,0.11371016502380371,0.0007893505971878767,0.33403173089027405,2.386735439300537,-0.14759044349193573,0.001312600215896964,0.48547130823135376,2.377566337585449,0.01350326370447874,0.00037038890877738595,0.40572643280029297,2.3873229026794434,-0.2540817856788635,0.0010004196083173156,1
0.3862747550010681,0.39239823818206787,-0.07201465219259262,0.998403787612915,0.37679368257522583,0.3654125928878784,-0.03941357880830765,0.9968147873878479,0.3815486431121826,0.36911293864250183,-0.039863843470811844,0.9963428974151611,0.3866846263408661,0.372079461812973,-0.039721209555864334,0.996737003326416,0.35876354575157166,0.36024993658065796,-0.061033107340335846,0.9984652996063232,0.35129788517951965,0.3616483807563782,-0.06171746179461479,0.9989776015281677,0.34365004301071167,0.36388668417930603,-0.062135856598615646,0.999352753162384,0.3774103820323944,0.39424794912338257,0.11171761900186539,0.9975659251213074,0.31988364458084106,0.39554527401924133,0.0028233930934220552,0.9989069104194641,0.3915557265281677,0.4452311098575592,-0.008302705362439156,0.9967939257621765,0.368507981300354,0.44034576416015625,-0.04021962732076645,0.9977067112922668,0.4297930598258972,0.6281818151473999,0.2264235019683838,0.9976848363876343,0.2649891972541809,0.6270962357521057,-0.03224308043718338,0.9996654987335205,0.417940616607666,0.9216371178627014,0.36643198132514954,0.011080704629421234,0.17561756074428558,0.892570436000824,-0.2830599844455719,0.8170101046562195,0.4527517855167389,1.2272067070007324,0.35674142837524414,0.011796379461884499,0.1762922704219818,0.5803312063217163,-0.5199812650680542,0.9608104228973389,0.4745238721370697,1.3015592098236084,0.37230950593948364,0.030562307685613632,0.19291254878044128,0.510692834854126,-0.5872150659561157,0.9621868133544922,0.46535617113113403,1.2940598726272583,0.3176122307777405,0.04248432070016861,0.20582211017608643,0.4928027391433716,-0.554958701133728,0.9661435484886169,0.45530906319618225,1.275990605354309,0.3377191126346588,0.047940485179424286,0.2069600373506546,0.5213569402694702,-0.5146754384040833,0.9601888060569763,0.43648257851600647,1.2295372486114502,0.08465646207332611,0.06278137117624283,0.3031640648841858,1.239081859588623,-0.08510340005159378,0.13750316202640533,0.49566468596458435,1.801659107208252,0.0016198201337829232,0.00014265051868278533,0.33440837264060974,1.7713755369186401,-0.37024086713790894,0.0014929354656487703,0.488233745098114,2.267341375350952,0.13446936011314392,0.00015915906988084316,0.35085779428482056,2.293800115585327,-0.17170242965221405,0.0008423191611655056,0.4898902475833893,2.3414385318756104,0.1399921327829361,0.0007784810732118785,0.33502525091171265,2.3873085975646973,-0.15104299783706665,0.0012892773374915123,0.4855991303920746,2.378405809402466,0.05062969774007797,0.0003649409918580204,0.40821608901023865,2.387655735015869,-0.2579585313796997,0.0009788530878722668,1
0.3928801417350769,0.39288240671157837,-0.08210370689630508,0.9984673857688904,0.38221433758735657,0.36541420221328735,-0.048064153641462326,0.9969348907470703,0.3863672912120819,0.3689866065979004,-0.0485343262553215,0.9964920878410339,0.3908746838569641,0.37164488434791565,-0.04840456694364548,0.9968511462211609,0.364886999130249,0.3605459928512573,-0.07629121840000153,0.998529314994812,0.3568677306175232,0.3619305193424225,-0.0769500881433487,0.9990261197090149,0.3483983874320984,0.3641155958175659,-0.07734952867031097,0.9993813037872314,0.37892359495162964,0.3931213915348053,0.10809135437011719,0.9976657032966614,0.3232218623161316,0.3956553041934967,-0.018913928419351578,0.9989689588546753,0.3964853882789612,0.44531360268592834,-0.015765521675348282,0.9968979954719543,0.37515324354171753,0.44182920455932617,-0.0553952232003212,0.9977987408638,0.42967405915260315,0.6282703280448914,0.2226913720369339,0.9977759122848511,0.26722389459609985,0.6268452405929565,-0.047246821224689484,0.9996843338012695,0.4156389832496643,0.9223060607910156,0.367075115442276,0.010396999306976795,0.17543506622314453,0.8922457098960876,-0.3051021099090576,0.8185272216796875,0.44877928495407104,1.2281711101531982,0.3598690629005432,0.011367498897016048,0.17718276381492615,0.5786041617393494,-0.5497018694877625,0.9639226794242859,0.4691808223724365,1.3019624948501587,0.3749467134475708,0.029981747269630432,0.19291971623897552,0.5104809403419495,-0.6174355149269104,0.9653092622756958,0.46134153008461,1.2938040494918823,0.3202258050441742,0.04171879217028618,0.20578503608703613,0.4935838580131531,-0.5857036709785461,0.9689545035362244,0.45189523696899414,1.2759249210357666,0.3408808708190918,0.04712152108550072,0.20699794590473175,0.521378219127655,-0.5445886850357056,0.9633545279502869,0.43654459714889526,1.229920744895935,0.08538849651813507,0.062221426516771317,0.3040083050727844,1.2394214868545532,-0.08582640439271927,0.13869130611419678,0.49611830711364746,1.801725149154663,0.013946881517767906,0.00013727418263442814,0.3351942002773285,1.7716217041015625,-0.370896577835083,0.001436015940271318,0.49020662903785706,2.267974615097046,0.14067137241363525,0.0001546858693473041,0.3548862934112549,2.2950520515441895,-0.1732686460018158,0.0008261221810244024,0.49137383699417114,2.3424179553985596,0.14636704325675964,0.0007643174612894654,0.3392338156700134,2.389329433441162,-0.1563052088022232,0.0012690656585618854,0.48899737000465393,2.378706932067871,0.056906808167696,0.00035663219750858843,0.4146175980567932,2.387951612472534,-0.2651640772819519,0.0009582509519532323,1
0.39511892199516296,0.3927704691886902,-0.08484231680631638,0.9984737038612366,0.38426798582077026,0.3639979362487793,-0.05096674710512161,0.9969249963760376,0.3882749080657959,0.36727631092071533,-0.051446110010147095,0.9964980483055115,0.3926418721675873,0.36977052688598633,-0.05132182314991951,0.9968336224555969,0.3669251799583435,0.3595687448978424,-0.08045051991939545,0.9985345005989075,0.3588012158870697,0.36096760630607605,-0.08110899478197098,0.9990379810333252,0.35021549463272095,0.3632450997829437,-0.08150835335254669,0.9993877410888672,0.37943750619888306,0.3907391130924225,0.10286860167980194,0.9976657032966614,0.32419461011886597,0.39496147632598877,-0.026125973090529442,0.9989991188049316,0.3986232578754425,0.44507738947868347,-0.01930149272084236,0.9969035387039185,0.37732037901878357,0.4418560862541199,-0.06026635318994522,0.9978277683258057,0.4295487403869629,0.6274082660675049,0.2173108160495758,0.9978514313697815,0.2692447304725647,0.626867949962616,-0.05613868311047554,0.999701976776123,0.41558703780174255,0.9226422905921936,0.36175569891929626,0.009656142443418503,0.1752237230539322,0.8918352723121643,-0.307522177696228,0.8189816474914551,0.449104368686676,1.2282202243804932,0.3566313087940216,0.010781696066260338,0.17720769345760345,0.576253354549408,-0.5489403605461121,0.9667766094207764,0.46948617696762085,1.3017213344573975,0.3737735450267792,0.0288626067340374,0.19345593452453613,0.5087983012199402,-0.6168616414070129,0.968146026134491,0.4617761969566345,1.2934647798538208,0.3188698887825012,0.040181342512369156,0.2058391273021698,0.4929220974445343,-0.5850767493247986,0.9715045094490051,0.45229417085647583,1.2756489515304565,0.33756428956985474,0.045438140630722046,0.20700307190418243,0.5196570754051208,-0.5437349081039429,0.966218888759613,0.43608492612838745,1.2301427125930786,0.08563549816608429,0.06136344373226166,0.30401095747947693,1.239714503288269,-0.086074098944664,0.13939101994037628,0.4961126744747162,1.801466703414917,0.03299148008227348,0.00012917909771203995,0.3350609540939331,1.771841287612915,-0.3398626148700714,0.0013493390288203955,0.4903726577758789,2.2680203914642334,0.16164113581180573,0.00014698592713102698,0.35563430190086365,2.2957396507263184,-0.14646226167678833,0.0007876545423641801,0.49146491289138794,2.3427226543426514,0.167011097073555,0.0007329249638132751,0.34008923172950745,2.3907032012939453,-0.12711013853549957,0.0012170799309387803,0.4891221523284912,2.3779640197753906,0.08284619450569153,0.0003404413291718811,0.4162636697292328,2.3881866931915283,-0.2273421585559845,0.0009132149280048907,1
0.3962426781654358,0.3928413391113281,-0.10725028812885284,0.9985193610191345,0.386576771736145,0.3638950288295746,-0.07150228321552277,0.9969894289970398,0.3908596932888031,0.3670229911804199,-0.07199379056692123,0.9965922832489014,0.3955584168434143,0.3693791627883911,-0.07187137752771378,0.996880292892456,0.368538498878479,0.3596058785915375,-0.10125275701284409,0.99857497215271,0.3600234389305115,0.36102384328842163,-0.10191279649734497,0.9990739226341248,0.35105186700820923,0.3633163869380951,-0.1023247241973877,0.9994065761566162,0.38083142042160034,0.39049893617630005,0.09135182201862335,0.9977098107337952,0.3240263760089874,0.3950267732143402,-0.03739440068602562,0.9990458488464355,0.40068569779396057,0.445070743560791,-0.038498662412166595,0.996910810470581,0.37795141339302063,0.44215521216392517,-0.07974079996347427,0.997866153717041,0.429555743932724,0.6279770731925964,0.21287548542022705,0.9978861808776855,0.26909446716308594,0.6268770694732666,-0.06631260365247726,0.9997172355651855,0.41818946599960327,0.9668878316879272,0.3556221127510071,0.008959994651377201,0.17193976044654846,0.8920516967773438,-0.3322659432888031,0.8182939291000366,0.4494524896144867,1.228932499885559,0.35172948241233826,0.010270519182085991,0.17705658078193665,0.5758383870124817,-0.5860353708267212,0.9694961905479431,0.4697122573852539,1.301999807357788,0.3707388937473297,0.02816748432815075,0.1919584721326828,0.5088825821876526,-0.6553497910499573,0.970860481262207,0.4619097113609314,1.2936162948608398,0.3161236345767975,0.039268553256988525,0.20491774380207062,0.4918166697025299,-0.6209233999252319,0.9739397764205933,0.4524819254875183,1.2764264345169067,0.33279746770858765,0.04447484388947487,0.2063911408185959,0.5182603001594543,-0.5798534154891968,0.9690112471580505,0.43609732389450073,1.2310255765914917,0.08680198341608047,0.060547176748514175,0.30395689606666565,1.2420382499694824,-0.08724857866764069,0.13993173837661743,0.4961318075656891,1.801567792892456,0.035095516592264175,0.00012242361844982952,0.3348905146121979,1.7749379873275757,-0.3485701382160187,0.0012828402686864138,0.49058690667152405,2.2674758434295654,0.1487836241722107,0.0001420863118255511,0.35649025440216064,2.2975573539733887,-0.1618029624223709,0.000762402021791786,0.49152660369873047,2.3427915573120117,0.15094372630119324,0.0007181235705502331,0.34099167585372925,2.3933913707733154,-0.14252260327339172,0.0011910597095265985,0.49021825194358826,2.376877546310425,0.06112145632505417,0.0003317501686979085,0.4190424382686615,2.389204263687134,-0.2457059919834137,0.0008822943782433867,1
0.39492085576057434,0.3871040344238281,-0.10409674793481827,0.9985198378562927,0.38603344559669495,0.35928136110305786,-0.07005775719881058,0.996941328048706,0.39048048853874207,0.3623168170452118,-0.07056122273206711,0.9965752363204956,0.3953987956047058,0.36511021852493286,-0.07043777406215668,0.9968229532241821,0.3678380846977234,0.35622453689575195,-0.0968814343214035,0.9985646605491638,0.3593751788139343,0.35816100239753723,-0.09755577892065048,0.9990811944007874,0.3505258858203888,0.3612158000469208,-0.09798738360404968,0.999407172203064,0.3820341229438782,0.3886655271053314,0.08047350496053696,0.9976900815963745,0.32375338673591614,0.39508646726608276,-0.03283901512622833,0.9990713596343994,0.4001185894012451,0.43733957409858704,-0.04027020186185837,0.9968951940536499,0.3769740164279938,0.4358254671096802,-0.07718794792890549,0.9978775382041931,0.4338410794734955,0.6294416785240173,0.19882315397262573,0.9979442358016968,0.268974244594574,0.626910924911499,-0.07203967124223709,0.9997346997261047,0.4199824929237366,0.9592737555503845,0.3537975251674652,0.008291142992675304,0.16981302201747894,0.8920366764068604,-0.3377966284751892,0.8184444904327393,0.454721599817276,1.2287744283676147,0.3753109276294708,0.00980531144887209,0.1759149134159088,0.5732876062393188,-0.5854121446609497,0.9720602035522461,0.47641557455062866,1.3019227981567383,0.40300607681274414,0.02771005593240261,0.1914941668510437,0.5054877400398254,-0.6527736783027649,0.9734013080596924,0.46738433837890625,1.2924418449401855,0.34811609983444214,0.03873935714364052,0.20491361618041992,0.48767051100730896,-0.6166132688522339,0.9762182831764221,0.4572789669036865,1.2761657238006592,0.35765916109085083,0.044050998985767365,0.20620982348918915,0.5139131546020508,-0.5783851742744446,0.9716623425483704,0.4364549219608307,1.2327754497528076,0.08661431074142456,0.058739904314279556,0.3038244843482971,1.2436445951461792,-0.08707338571548462,0.1382369101047516,0.4937296509742737,1.8026254177093506,0.039640989154577255,0.00011300379992462695,0.3318411707878113,1.774965524673462,-0.31117892265319824,0.0011894706403836608,0.48748454451560974,2.267653703689575,0.14378255605697632,0.0001335911947535351,0.3532748818397522,2.297689914703369,-0.12100573629140854,0.0007201493135653436,0.48836034536361694,2.3431806564331055,0.14482548832893372,0.0006847557378932834,0.3372286856174469,2.3951377868652344,-0.10088340193033218,0.0011429113801568747,0.4863412380218506,2.375687837600708,0.0554489903151989,0.00031440609018318355,0.41579610109329224,2.3888494968414307,-0.19247354567050934,0.000834776961710304,1
0.3945270776748657,0.3802311420440674,-0.101126529276371,0.9984933137893677,0.38573896884918213,0.35482433438301086,-0.06838621199131012,0.9968249201774597,0.3902127742767334,0.35805121064186096,-0.06888769567012787,0.9964841604232788,0.3951437771320343,0.3613027036190033,-0.06876205652952194,0.9967036247253418,0.36740949749946594,0.35186564922332764,-0.0941719189286232,0.9985228180885315,0.35897260904312134,0.3539994955062866,-0.09485013782978058,0.9990687370300293,0.3502609431743622,0.35744696855545044,-0.09528301656246185,0.9993962645530701,0.3823777437210083,0.38647377490997314,0.07472259551286697,0.9976232051849365,0.32356274127960205,0.3939796984195709,-0.03301612287759781,0.9990808367729187,0.3995492160320282,0.429696649312973,-0.03979302942752838,0.9968705177307129,0.37621384859085083,0.42789629101753235,-0.07518438994884491,0.9978798627853394,0.4351016581058502,0.6268372535705566,0.1914648562669754,0.998009443283081,0.26898032426834106,0.6269003748893738,-0.07526125013828278,0.9997506737709045,0.43047696352005005,0.964046061038971,0.3416137099266052,0.007709125056862831,0.16825373470783234,0.8926233649253845,-0.33197301626205444,0.8202178478240967,0.4585345387458801,1.2179566621780396,0.3654433488845825,0.009426374919712543,0.17536714673042297,0.5713526010513306,-0.5737112164497375,0.9743348956108093,0.48099786043167114,1.2899916172027588,0.39334601163864136,0.027420593425631523,0.19149839878082275,0.5020678639411926,-0.6422392129898071,0.9756454825401306,0.47042781114578247,1.2792636156082153,0.34050899744033813,0.03842703253030777,0.20492121577262878,0.48493456840515137,-0.6106404066085815,0.9782313704490662,0.4599170684814453,1.2645297050476074,0.3486210107803345,0.04381771758198738,0.2060229331254959,0.5109719038009644,-0.5678293704986572,0.9740002155303955,0.4365273416042328,1.231433391571045,0.08650903403759003,0.05760989338159561,0.3034778833389282,1.242794156074524,-0.08697441965341568,0.13815389573574066,0.4921131730079651,1.8018512725830078,0.04941863566637039,0.00010440390178700909,0.32934412360191345,1.7739590406417847,-0.3092179596424103,0.0011089638574048877,0.48576825857162476,2.2660107612609863,0.17885030806064606,0.00012577619054354727,0.34913551807403564,2.297712564468384,-0.09835989773273468,0.0006855260580778122,0.48622775077819824,2.3419132232666016,0.1833488792181015,0.0006525992648676038,0.33210861682891846,2.395169258117676,-0.0759734958410263,0.00109974411316216,0.4857584536075592,2.3749654293060303,0.09619203954935074,0.0002983188023790717,0.41223907470703125,2.388975143432617,-0.16947069764137268,0.0007959782960824668,1
0.3937150239944458,0.3759593069553375,-0.10070713609457016,0.9982951283454895,0.385415643453598,0.35220322012901306,-0.06503087282180786,0.9963184595108032,0.3899756371974945,0.35577183961868286,-0.06551910191774368,0.9960013628005981,0.3949936628341675,0.35937416553497314,-0.06539149582386017,0.9962183237075806,0.36700525879859924,0.34914761781692505,-0.09095118939876556,0.9982931613922119,0.3585955798625946,0.3513951301574707,-0.09162630140781403,0.9989473223686218,0.3498809337615967,0.35480692982673645,-0.09204347431659698,0.9993162155151367,0.38247597217559814,0.3848399221897125,0.07858358323574066,0.9973348379135132,0.3232816457748413,0.39105939865112305,-0.02978019043803215,0.9990141987800598,0.39916670322418213,0.42610830068588257,-0.035498738288879395,0.9966195225715637,0.37571319937705994,0.42379188537597656,-0.07136230915784836,0.9977285861968994,0.43661776185035706,0.6271603107452393,0.19449730217456818,0.998036801815033,0.2688024342060089,0.6268432140350342,-0.07319596409797668,0.9997610449790955,0.43585148453712463,0.9739773869514465,0.3460029065608978,0.007219427730888128,0.16708098351955414,0.8927969336509705,-0.32723239064216614,0.8230956196784973,0.46136778593063354,1.218849778175354,0.3695175349712372,0.00905930157750845,0.1754133403301239,0.5678759813308716,-0.5678678750991821,0.9762672185897827,0.4841843247413635,1.2921384572982788,0.3960888385772705,0.026878073811531067,0.19317778944969177,0.49869415163993835,-0.6325687766075134,0.9775245785713196,0.47270721197128296,1.2805862426757812,0.34380170702934265,0.03772728145122528,0.20524927973747253,0.4831589162349701,-0.590432345867157,0.9799143075942993,0.46192631125450134,1.2654718160629272,0.35297656059265137,0.043130796402692795,0.20595625042915344,0.5093008875846863,-0.5566965341567993,0.9759190082550049,0.4362524449825287,1.2372058629989624,0.08514715731143951,0.056186381727457047,0.3012080490589142,1.2474868297576904,-0.08562882989645004,0.13641200959682465,0.4888029098510742,1.8068071603775024,0.08772628009319305,9.60707402555272e-05,0.32563403248786926,1.7757731676101685,-0.24382281303405762,0.0010259284172207117,0.483592689037323,2.267928123474121,0.2600345015525818,0.0001180909457616508,0.344072550535202,2.300100088119507,0.028326189145445824,0.0006466044578701258,0.4847280979156494,2.3435966968536377,0.2686004042625427,0.0006183185614645481,0.32685914635658264,2.398275375366211,0.05701698735356331,0.0010478142648935318,0.4802119731903076,2.378906726837158,0.17301741242408752,0.00028126579127274454,0.40529918670654297,2.393045425415039,-0.035971108824014664,0.0007517920457758009,1
0.37786921858787537,0.37639355659484863,-0.08750984817743301,0.9978541731834412,0.379730761051178,0.352377712726593,-0.06264608353376389,0.9952270984649658,0.38560858368873596,0.35590651631355286,-0.06314027309417725,0.9949660301208496,0.39138904213905334,0.3594595491886139,-0.0630219578742981,0.9951765537261963,0.3577369153499603,0.3492546081542969,-0.07642529904842377,0.9977797269821167,0.34992489218711853,0.35157257318496704,-0.07715646922588348,0.9986789226531982,0.34228116273880005,0.3549312949180603,-0.07766904681921005,0.9991451501846313,0.3825855851173401,0.3846922218799591,0.0692867636680603,0.9967519640922546,0.3230023980140686,0.39032673835754395,-0.005183974746614695,0.9988608956336975,0.39122632145881653,0.4266666769981384,-0.034734465181827545,0.9960510730743408,0.36350327730178833,0.4245266914367676,-0.055278897285461426,0.9973605275154114,0.44035783410072327,0.6304215788841248,0.1791369616985321,0.9979855418205261,0.2669035494327545,0.6265808939933777,-0.0479402020573616,0.9997672438621521,0.44372811913490295,0.9810379147529602,0.34184351563453674,0.006875750608742237,0.16517511010169983,0.89387446641922,-0.26671648025512695,0.8246644139289856,0.4638868272304535,1.2219561338424683,0.3850434422492981,0.008762676268815994,0.1754467636346817,0.5655252933502197,-0.4774845540523529,0.9780327081680298,0.4863784909248352,1.2975043058395386,0.4124153256416321,0.026581861078739166,0.19316399097442627,0.4960387647151947,-0.53711998462677,0.9792483448982239,0.473850816488266,1.285440444946289,0.3604612946510315,0.03739522024989128,0.20504896342754364,0.4808938205242157,-0.49885329604148865,0.9814637303352356,0.4629085063934326,1.2682864665985107,0.3695732653141022,0.04293319955468178,0.20569244027137756,0.5063146948814392,-0.4683101773262024,0.9777181148529053,0.4347950518131256,1.238797903060913,0.06801708787679672,0.054226092994213104,0.29431289434432983,1.2469619512557983,-0.06859506666660309,0.13282199203968048,0.48122793436050415,1.8070768117904663,0.04125165566802025,8.925723523134366e-05,0.3135938048362732,1.7727869749069214,-0.18632754683494568,0.0009474290418438613,0.4728905260562897,2.2680532932281494,0.20645029842853546,0.00011264727800153196,0.32576674222946167,2.2929697036743164,0.10026760399341583,0.0006070446106605232,0.47547608613967896,2.343796730041504,0.215194970369339,0.0005921464180573821,0.31081411242485046,2.388843536376953,0.13065575063228607,0.0009957489091902971,0.46079516410827637,2.381941795349121,0.09357618540525436,0.0002687647065613419,0.371723473072052,2.391341209411621,0.04253152385354042,0.0007069382118061185,1
0.3448583483695984,0.3755509555339813,-0.07965556532144547,0.9972856044769287,0.3635377883911133,0.3484342694282532,-0.06137866526842117,0.9940780997276306,0.36996370553970337,0.35190486907958984,-0.06188695505261421,0.9937670826911926,0.37602168321609497,0.35531166195869446,-0.06177268177270889,0.9941220283508301,0.3452637493610382,0.346847802400589,-0.06298580765724182,0.9972057938575745,0.3400919437408447,0.34946760535240173,-0.06376411020755768,0.9983513355255127,0.33485692739486694,0.352562814950943,-0.06429514288902283,0.9989585876464844,0.3809413015842438,0.3805881142616272,0.04987199231982231,0.9961578249931335,0.3250138461589813,0.38389503955841064,0.031539436429739,0.9986681938171387,0.36274904012680054,0.42625805735588074,-0.032255757600069046,0.9956714510917664,0.3382939100265503,0.42273738980293274,-0.040422938764095306,0.9970930218696594,0.4440597891807556,0.6327968835830688,0.14347732067108154,0.9978387355804443,0.2657146751880646,0.6272062063217163,0.009173015132546425,0.9997572302818298,0.44387850165367126,0.9503049254417419,0.2731047570705414,0.0074543762020766735,0.1638793796300888,0.8945003747940063,-0.17716184258460999,0.8212324976921082,0.469981849193573,1.2219939231872559,0.2796758711338043,0.009066171944141388,0.17394766211509705,0.5643599629402161,-0.415088027715683,0.9788454174995422,0.4915444850921631,1.297886610031128,0.2910277843475342,0.027662822976708412,0.1908007115125656,0.49480706453323364,-0.4785791039466858,0.9801660776138306,0.4782370924949646,1.2858885526657104,0.238358736038208,0.03901709243655205,0.20391198992729187,0.4793316423892975,-0.4528230130672455,0.9823446273803711,0.4669093191623688,1.2681488990783691,0.2627273201942444,0.04496212676167488,0.20402538776397705,0.5053071975708008,-0.41237086057662964,0.9786664843559265,0.4348163604736328,1.2388063669204712,0.04459128528833389,0.05222852900624275,0.29096993803977966,1.2404756546020508,-0.04514847323298454,0.12839233875274658,0.4796750545501709,1.801351547241211,0.03688081353902817,8.588877972215414e-05,0.30691656470298767,1.7593814134597778,-0.1918753832578659,0.000897807942237705,0.46764832735061646,2.2668111324310303,0.252830445766449,0.00011150357750011608,0.31548720598220825,2.2724883556365967,0.0940123051404953,0.0005886207218281925,0.47062334418296814,2.3390872478485107,0.26634305715560913,0.0005747917457483709,0.304195761680603,2.3613088130950928,0.12291542440652847,0.0009596972959116101,0.4485810399055481,2.3844449520111084,0.13170313835144043,0.0002644527121447027,0.3491046130657196,2.3761677742004395,0.006067267619073391,0.0006874038954265416,1
0.3492852747440338,0.3740948438644409,-0.07464366406202316,0.996809720993042,0.3662363886833191,0.3482517898082733,-0.053283143788576126,0.9930756092071533,0.3723818361759186,0.35177433490753174,-0.05379481241106987,0.9927079081535339,0.37818169593811035,0.3552115857601166,-0.053689777851104736,0.9932043552398682,0.3469768166542053,0.34662654995918274,-0.06140162795782089,0.9967383146286011,0.3410604000091553,0.3493703603744507,-0.06215107440948486,0.9980766177177429,0.3352805972099304,0.3525617718696594,-0.06265880167484283,0.9987975358963013,0.38236141204833984,0.38010740280151367,0.05265619233250618,0.9956122040748596,0.3248223662376404,0.3838404417037964,0.024793170392513275,0.9984915852546692,0.36812132596969604,0.425296813249588,-0.026550140231847763,0.9953015446662903,0.34346169233322144,0.42169189453125,-0.0404234454035759,0.9968377351760864,0.44701582193374634,0.6346434950828552,0.15977036952972412,0.9978029727935791,0.2650507092475891,0.6274542212486267,-0.0017874741461127996,0.9997561573982239,0.44441837072372437,0.937165379524231,0.2799284756183624,0.007123641669750214,0.16433262825012207,0.8938494324684143,-0.21443307399749756,0.8188783526420593,0.47204047441482544,1.2225749492645264,0.3013504445552826,0.008771453984081745,0.17324620485305786,0.5612874627113342,-0.45406126976013184,0.979844331741333,0.49283090233802795,1.2986196279525757,0.31716492772102356,0.0269729346036911,0.18817880749702454,0.4931820034980774,-0.5194045305252075,0.9812250137329102,0.48061734437942505,1.2867342233657837,0.25988999009132385,0.03808417171239853,0.20161013305187225,0.47812601923942566,-0.48967045545578003,0.9833089709281921,0.46933236718177795,1.2685515880584717,0.28305602073669434,0.04406876489520073,0.20200100541114807,0.5037119388580322,-0.4494151473045349,0.9797236323356628,0.4342188835144043,1.2380385398864746,0.05158426612615585,0.05096299946308136,0.290388822555542,1.2382949590682983,-0.052125077694654465,0.12583059072494507,0.4780992865562439,1.8014373779296875,0.02147173509001732,8.120142592815682e-05,0.30706363916397095,1.759587049484253,-0.21352262794971466,0.0008372465381398797,0.46522870659828186,2.2668190002441406,0.23115921020507812,0.00010717103577917442,0.3182436227798462,2.2720518112182617,0.05982659384608269,0.0005622601020149887,0.4668121933937073,2.338480234146118,0.24018457531929016,0.0005510468618012965,0.30551427602767944,2.3612847328186035,0.08787750452756882,0.0009191955323331058,0.45059770345687866,2.386256694793701,0.12085171043872833,0.00025382189778611064,0.35896480083465576,2.3762941360473633,-0.014804691076278687,0.0006568267126567662,1
0.3503669202327728,0.37306642532348633,-0.08507818728685379,0.996786892414093,0.36420419812202454,0.3484084904193878,-0.0609477274119854,0.9930053353309631,0.37110838294029236,0.3518635332584381,-0.06143668293952942,0.9926367402076721,0.37764865159988403,0.35521140694618225,-0.061310410499572754,0.9931190609931946,0.3441389203071594,0.34692123532295227,-0.06845156848430634,0.9967074990272522,0.33780601620674133,0.35004207491874695,-0.06920740753412247,0.9980616569519043,0.33130884170532227,0.35346561670303345,-0.06971567124128342,0.9987865090370178,0.3823625445365906,0.3798661231994629,0.055639076977968216,0.9955385327339172,0.3222472071647644,0.3841468393802643,0.019998619332909584,0.9984835386276245,0.3690112233161926,0.4231199026107788,-0.03475671261548996,0.9952331185340881,0.3434009552001953,0.41970887780189514,-0.04691734164953232,0.9967885613441467,0.4466803967952728,0.6345295906066895,0.16788947582244873,0.9977236390113831,0.26518183946609497,0.6274632811546326,-0.009912535548210144,0.9997575283050537,0.4434780478477478,0.9275583028793335,0.29987162351608276,0.006787088233977556,0.16520357131958008,0.8933200240135193,-0.22369341552257538,0.8169405460357666,0.4715622067451477,1.2155210971832275,0.32733792066574097,0.008493230678141117,0.1730319857597351,0.5590835809707642,-0.4467671811580658,0.9809709191322327,0.49257078766822815,1.2887283563613892,0.3513748049736023,0.026571590453386307,0.18741612136363983,0.4919028878211975,-0.5089813470840454,0.9823744297027588,0.48055753111839294,1.2795531749725342,0.2932937443256378,0.03758777678012848,0.20080044865608215,0.47769513726234436,-0.47824835777282715,0.9843490123748779,0.46931973099708557,1.262069582939148,0.30981868505477905,0.04366334527730942,0.20136260986328125,0.5029032230377197,-0.44166773557662964,0.9809340834617615,0.43294557929039,1.237572193145752,0.05344120413064957,0.049291737377643585,0.2908315062522888,1.2370630502700806,-0.05400833487510681,0.12287096679210663,0.4760621190071106,1.7993550300598145,-0.01563129760324955,7.73042265791446e-05,0.3089417815208435,1.7562047243118286,-0.2023671418428421,0.0007833399577066302,0.4657011032104492,2.2647864818573,0.15231531858444214,0.00010387156362412497,0.3212957978248596,2.2683706283569336,0.07563125342130661,0.000536247796844691,0.4674990773200989,2.336061477661133,0.16005703806877136,0.0005351242725737393,0.3080500662326813,2.358339786529541,0.1041487604379654,0.0008875917410477996,0.4535866677761078,2.3852808475494385,0.04526479169726372,0.000247052259510383,0.36458486318588257,2.3726134300231934,0.011046244762837887,0.0006284301052801311,1
0.351762592792511,0.3716745972633362,-0.07873532921075821,0.9966282248497009,0.36361250281333923,0.3483996093273163,-0.05354248359799385,0.9926731586456299,0.37078142166137695,0.3518666923046112,-0.054014623165130615,0.9922710061073303,0.377593457698822,0.35520580410957336,-0.053886353969573975,0.9927975535392761,0.3429262340068817,0.34707096219062805,-0.061418674886226654,0.9965434670448303,0.3360605835914612,0.3501010239124298,-0.06217459589242935,0.997961163520813,0.3288329243659973,0.3535915017127991,-0.06268851459026337,0.998731791973114,0.38235658407211304,0.3799005150794983,0.059697430580854416,0.9953212738037109,0.3199048638343811,0.384231299161911,0.029258742928504944,0.9984235167503357,0.36991506814956665,0.42314520478248596,-0.02853832021355629,0.9950049519538879,0.3440675139427185,0.4193904399871826,-0.04030115157365799,0.9966239929199219,0.4461731016635895,0.6349573731422424,0.17995640635490417,0.9976418614387512,0.26509660482406616,0.6273886561393738,-0.008685437962412834,0.999760627746582,0.4363292157649994,0.9280297756195068,0.3562317192554474,0.006407815497368574,0.1652461439371109,0.8929706811904907,-0.2213272750377655,0.8193417191505432,0.4713885188102722,1.2203004360198975,0.4258790910243988,0.008065872825682163,0.17202575504779816,0.558143138885498,-0.4298837184906006,0.9820005297660828,0.49203062057495117,1.2946385145187378,0.454993337392807,0.025465743616223335,0.18747003376483917,0.4904155731201172,-0.48957857489585876,0.9833248257637024,0.4802895188331604,1.2856476306915283,0.3993016183376312,0.03604842349886894,0.2008255422115326,0.47627750039100647,-0.4548909664154053,0.9852011799812317,0.46917232871055603,1.2670029401779175,0.40910157561302185,0.042022135108709335,0.20119249820709229,0.5014148950576782,-0.4226318299770355,0.9818964600563049,0.43219155073165894,1.2395334243774414,0.054943233728408813,0.04762161523103714,0.2907848060131073,1.2372266054153442,-0.055531054735183716,0.11986373364925385,0.47458305954933167,1.8027210235595703,-0.02478257194161415,7.263677980517969e-05,0.3090481460094452,1.7563058137893677,-0.16109143197536469,0.0007258421392180026,0.4649989604949951,2.2663965225219727,0.12593497335910797,9.953998232958838e-05,0.3218165338039398,2.2701992988586426,0.14395347237586975,0.0005049393512308598,0.4671440124511719,2.3371224403381348,0.13257452845573425,0.0005144135211594403,0.30871912837028503,2.36087703704834,0.17587292194366455,0.0008470665197819471,0.45251235365867615,2.387195110321045,0.01650473289191723,0.00023657768906559795,0.36402004957199097,2.3731231689453125,0.09151355922222137,0.0005920600960962474,1
0.35331594944000244,0.37363144755363464,-0.0778520256280899,0.9965008497238159,0.36409351229667664,0.34971359372138977,-0.051730506122112274,0.9924110770225525,0.37131690979003906,0.3530096709728241,-0.05219796299934387,0.9919632077217102,0.37813445925712585,0.35626304149627686,-0.052066635340452194,0.992518961429596,0.3429616391658783,0.3500298857688904,-0.05981403589248657,0.9964265823364258,0.3357558250427246,0.35366225242614746,-0.060573019087314606,0.9978869557380676,0.3281174600124359,0.35742631554603577,-0.061096709221601486,0.9986935257911682,0.3826116621494293,0.38076090812683105,0.06340896338224411,0.9950866103172302,0.3187217116355896,0.38761037588119507,0.03516828641295433,0.9983758330345154,0.37121134996414185,0.4248301684856415,-0.02723083458840847,0.9946752190589905,0.3451739251613617,0.4218086302280426,-0.03874392434954643,0.9963966012001038,0.44592562317848206,0.6349605321884155,0.18440118432044983,0.9974814057350159,0.26482537388801575,0.6273488998413086,-0.0011898356024175882,0.9997597932815552,0.43622350692749023,0.9261482954025269,0.3840184509754181,0.006035932339727879,0.1653023064136505,0.8926142454147339,-0.19873206317424774,0.8223649859428406,0.4709492325782776,1.2203558683395386,0.4818047881126404,0.0076068369671702385,0.17206816375255585,0.5558276772499084,-0.3857746720314026,0.9829959273338318,0.4916929304599762,1.294670581817627,0.5162012577056885,0.024190589785575867,0.1875137984752655,0.48722416162490845,-0.4399375915527344,0.984228789806366,0.48018473386764526,1.2862519025802612,0.46023526787757874,0.034251343458890915,0.20102855563163757,0.4734680950641632,-0.40725383162498474,0.9860113263130188,0.4691731929779053,1.2673600912094116,0.46555668115615845,0.040088653564453125,0.201515793800354,0.4985440969467163,-0.37876325845718384,0.9828290343284607,0.43220382928848267,1.239084005355835,0.051884669810533524,0.04649874567985535,0.2909507155418396,1.2366050481796265,-0.05251330882310867,0.11821451038122177,0.47502079606056213,1.8024793863296509,-0.06574846059083939,6.942755135241896e-05,0.30968523025512695,1.756502628326416,-0.1687791794538498,0.00067586061777547,0.4655734896659851,2.266220808029175,0.006803012453019619,9.71173940342851e-05,0.3231177031993866,2.267834186553955,0.10276325047016144,0.0004768106446135789,0.4678441882133484,2.3370957374572754,0.0055310786701738834,0.0005018232623115182,0.3091875910758972,2.358067274093628,0.1314288079738617,0.0008160726865753531,0.4517692029476166,2.3868517875671387,-0.1151791587471962,0.00023014098405838013,0.36429649591445923,2.37233829498291,0.05152977630496025,0.0005598231800831854,1
0.35692375898361206,0.373526394367218,-0.0867704451084137,0.9964637756347656,0.3664883077144623,0.349786639213562,-0.05957837030291557,0.9922894239425659,0.37351033091545105,0.3532388508319855,-0.060069382190704346,0.9918314814567566,0.3801051676273346,0.35665714740753174,-0.05994383245706558,0.992371141910553,0.34450313448905945,0.35006776452064514,-0.07057924568653107,0.9963898062705994,0.3365480303764343,0.3537176251411438,-0.0713324174284935,0.9978687763214111,0.3282082676887512,0.35755017399787903,-0.07188301533460617,0.9986844062805176,0.3830640912055969,0.3815394639968872,0.06345950067043304,0.9949521422386169,0.318586528301239,0.3880208730697632,0.024544235318899155,0.9983683228492737,0.3740631341934204,0.4252593517303467,-0.03328007087111473,0.9943849444389343,0.3477650582790375,0.42194676399230957,-0.04869868606328964,0.9962299466133118,0.44483548402786255,0.635395348072052,0.18111495673656464,0.9972860217094421,0.26504749059677124,0.6275069117546082,-0.006016186438500881,0.9997569918632507,0.43360090255737305,0.9266905188560486,0.3937181234359741,0.005666729062795639,0.16458173096179962,0.8923696875572205,-0.21416452527046204,0.8272680640220642,0.4694691598415375,1.2230134010314941,0.5214674472808838,0.007126303855329752,0.17203305661678314,0.5536489486694336,-0.4017595648765564,0.9839240908622742,0.489434152841568,1.2975140810012817,0.5602163076400757,0.022827940061688423,0.18723157048225403,0.4856516122817993,-0.4554075300693512,0.9850497841835022,0.47898826003074646,1.2893776893615723,0.5057020783424377,0.03232540190219879,0.20092086493968964,0.4719913601875305,-0.42053231596946716,0.9867441654205322,0.46811264753341675,1.26999831199646,0.506483256816864,0.037982404232025146,0.20136091113090515,0.49674704670906067,-0.3937363922595978,0.98368239402771,0.4317799508571625,1.2401537895202637,0.050788335502147675,0.04589534550905228,0.2906418740749359,1.2382159233093262,-0.0514102466404438,0.11791504174470901,0.4726124405860901,1.8026350736618042,-0.041286878287792206,6.61198646412231e-05,0.3091028332710266,1.7566238641738892,-0.14932937920093536,0.000630226859357208,0.4654080271720886,2.26778507232666,0.04366970807313919,9.388662147102877e-05,0.3237851560115814,2.2683162689208984,0.1392565667629242,0.0004487881960812956,0.4681538939476013,2.3405070304870605,0.04336964339017868,0.00048771913861855865,0.31010740995407104,2.358776330947876,0.17046508193016052,0.0007893783040344715,0.4503319263458252,2.3872768878936768,-0.07094182819128036,0.0002221501199528575,0.36465638875961304,2.372718572616577,0.10194609314203262,0.000528582080733031,1
0.35166528820991516,0.3735784888267517,-0.0879109725356102,0.9962301254272461,0.3642164468765259,0.3499354422092438,-0.06163942068815231,0.9917750954627991,0.37177953124046326,0.3534136712551117,-0.062121618539094925,0.9912815690040588,0.3789791464805603,0.3568446636199951,-0.061993442475795746,0.9918623566627502,0.34225574135780334,0.35045963525772095,-0.07106273621320724,0.9961314797401428,0.33483362197875977,0.35417988896369934,-0.07182352244853973,0.997711718082428,0.32688599824905396,0.3579815626144409,-0.07237669825553894,0.9985960721969604,0.38305211067199707,0.3818710744380951,0.05899062752723694,0.9945663213729858,0.3181160092353821,0.3881618082523346,0.024904847145080566,0.9982628226280212,0.3708378076553345,0.42533546686172485,-0.03526247292757034,0.9938843846321106,0.3431594669818878,0.4220806956291199,-0.04895682632923126,0.9958904385566711,0.4439179003238678,0.6370477676391602,0.17367753386497498,0.9970559477806091,0.26559028029441833,0.6274972558021545,-0.004864147864282131,0.999749481678009,0.4326413571834564,0.9269904494285583,0.38820749521255493,0.0054234592244029045,0.1640474796295166,0.8920842409133911,-0.18815451860427856,0.8276410698890686,0.46746429800987244,1.2312471866607666,0.4722105860710144,0.006763295736163855,0.17203882336616516,0.5530818700790405,-0.3610839247703552,0.9844627380371094,0.48698124289512634,1.306999683380127,0.5037903785705566,0.02185308188199997,0.1867055892944336,0.4856051504611969,-0.4130857586860657,0.9855443835258484,0.47687411308288574,1.2985355854034424,0.4493105411529541,0.030949678272008896,0.2005360871553421,0.4721192717552185,-0.3806189298629761,0.9871931672096252,0.46621212363243103,1.2777591943740845,0.4562380313873291,0.036500029265880585,0.2009654939174652,0.49687865376472473,-0.35378485918045044,0.9841891527175903,0.42964673042297363,1.2454217672348022,0.04701291769742966,0.04527195915579796,0.28947144746780396,1.241070032119751,-0.04765068367123604,0.1172342598438263,0.46949252486228943,1.8033181428909302,-0.039278388023376465,6.356881931424141e-05,0.30772215127944946,1.7569364309310913,-0.1534062623977661,0.0005937503301538527,0.464150607585907,2.2700257301330566,0.06458374112844467,9.181609493680298e-05,0.3230355679988861,2.2685916423797607,0.13397985696792603,0.0004276131803635508,0.4678103029727936,2.3425960540771484,0.06676249206066132,0.00047647152678109705,0.31031733751296997,2.358869791030884,0.16506774723529816,0.0007686925819143653,0.4466124475002289,2.3912854194641113,-0.047456029802560806,0.00021637105965055525,0.3601621389389038,2.3730225563049316,0.09286124259233475,0.0005048002349212766,1
