x_0,y_0,z_0,vis_0,x_1,y_1,z_1,vis_1,x_2,y_2,z_2,vis_2,x_3,y_3,z_3,vis_3,x_4,y_4,z_4,vis_4,x_5,y_5,z_5,vis_5,x_6,y_6,z_6,vis_6,x_7,y_7,z_7,vis_7,x_8,y_8,z_8,vis_8,x_9,y_9,z_9,vis_9,x_10,y_10,z_10,vis_10,x_11,y_11,z_11,vis_11,x_12,y_12,z_12,vis_12,x_13,y_13,z_13,vis_13,x_14,y_14,z_14,vis_14,x_15,y_15,z_15,vis_15,x_16,y_16,z_16,vis_16,x_17,y_17,z_17,vis_17,x_18,y_18,z_18,vis_18,x_19,y_19,z_19,vis_19,x_20,y_20,z_20,vis_20,x_21,y_21,z_21,vis_21,x_22,y_22,z_22,vis_22,x_23,y_23,z_23,vis_23,x_24,y_24,z_24,vis_24,x_25,y_25,z_25,vis_25,x_26,y_26,z_26,vis_26,x_27,y_27,z_27,vis_27,x_28,y_28,z_28,vis_28,x_29,y_29,z_29,vis_29,x_30,y_30,z_30,vis_30,x_31,y_31,z_31,vis_31,x_32,y_32,z_32,vis_32,label
0.6027287244796753,0.514384925365448,-0.3360743224620819,0.9992238879203796,0.6098688244819641,0.49815765023231506,-0.33190327882766724,0.9989874362945557,0.6104592680931091,0.4951935410499573,-0.3323930501937866,0.9990500807762146,0.6112101674079895,0.492308109998703,-0.33237114548683167,0.9993609189987183,0.6075358986854553,0.4954448640346527,-0.36546000838279724,0.9994377493858337,0.6063201427459717,0.4908972978591919,-0.36583611369132996,0.9996158480644226,0.6048175096511841,0.48570024967193604,-0.3660261929035187,0.9997169375419617,0.6003218293190002,0.45805034041404724,-0.2649654448032379,0.999616265296936,0.5917216539382935,0.45232340693473816,-0.4150579273700714,0.9994017481803894,0.5915210247039795,0.5073440074920654,-0.29957666993141174,0.9993669986724854,0.589428722858429,0.5047760009765625,-0.3457910120487213,0.9994738698005676,0.5778904557228088,0.38901546597480774,-0.1534503996372223,0.9999276995658875,0.5024900436401367,0.39166778326034546,-0.37723106145858765,0.9999428987503052,0.563181459903717,0.4459080696105957,0.01001092791557312,0.09993798285722733,0.42677658796310425,0.4970030188560486,-0.417989581823349,0.9976286292076111,0.5904128551483154,0.5610947608947754,0.06457260996103287,0.36689236760139465,0.43689194321632385,0.6863848567008972,-0.47333019971847534,0.9974297881126404,0.6170874238014221,0.5746673345565796,0.06097972020506859,0.42729413509368896,0.45469722151756287,0.7186313271522522,-0.5364514589309692,0.9948898553848267,0.6123648881912231,0.5822293758392334,0.022657360881567,0.4557494521141052,0.4675230383872986,0.7022784948348999,-0.5207437872886658,0.9950129389762878,0.5981329083442688,0.5818120837211609,0.051080211997032166,0.4312945008277893,0.4613892734050751,0.6913197040557861,-0.47262588143348694,0.9854761362075806,0.38624846935272217,0.4406372904777527,0.08731024712324142,0.9999123811721802,0.35239917039871216,0.44722259044647217,-0.08743391185998917,0.9999561905860901,0.29049965739250183,0.48663076758384705,0.3400746285915375,0.07070325314998627,0.2581109404563904,0.49694186449050903,0.12850813567638397,0.7717669606208801,0.2104334980249405,0.49651646614074707,0.5952261686325073,0.22109255194664001,0.17607657611370087,0.4987739324569702,0.36329376697540283,0.9147636294364929,0.19069735705852509,0.4759754240512848,0.6175777316093445,0.3767131268978119,0.15686506032943726,0.4797673523426056,0.3865719139575958,0.8009170889854431,0.20976214110851288,0.5577382445335388,0.573002815246582,0.46349141001701355,0.16247791051864624,0.5821965932846069,0.3259466588497162,0.8791192770004272,1
0.5997351408004761,0.5001294016838074,-0.35495808720588684,0.9991730451583862,0.6064700484275818,0.48464706540107727,-0.35056617856025696,0.9989013671875,0.6070072650909424,0.4820435047149658,-0.3510867655277252,0.9990037083625793,0.607631266117096,0.47945958375930786,-0.3510729968547821,0.9993337392807007,0.6043130159378052,0.48107457160949707,-0.3854178190231323,0.9993718266487122,0.6030612587928772,0.4763171076774597,-0.3857904374599457,0.9995768070220947,0.6014615297317505,0.47052547335624695,-0.38599711656570435,0.9996744394302368,0.597665548324585,0.44380107522010803,-0.27964791655540466,0.999603271484375,0.5894917845726013,0.43541643023490906,-0.43576058745384216,0.9993061423301697,0.5878642201423645,0.49159884452819824,-0.3168334662914276,0.9993396997451782,0.5852292776107788,0.4878617525100708,-0.36482182145118713,0.9994218349456787,0.5775032043457031,0.3804081082344055,-0.1632649153470993,0.9999321103096008,0.49476388096809387,0.3772689402103424,-0.3987281024456024,0.9999366998672485,0.5678451061248779,0.45498937368392944,-0.0036635089199990034,0.11865846812725067,0.4278196692466736,0.4968515932559967,-0.44045573472976685,0.997463583946228,0.5905295014381409,0.5630863904953003,0.03292021527886391,0.4080662429332733,0.43681180477142334,0.6847333312034607,-0.4966706931591034,0.9972803592681885,0.6167401671409607,0.5748303532600403,0.027247285470366478,0.4620940685272217,0.4554290771484375,0.7172796130180359,-0.5621840357780457,0.9947009682655334,0.6113913059234619,0.58230060338974,-0.013687502592802048,0.49064067006111145,0.46762534976005554,0.6993165016174316,-0.5473060011863708,0.9948794841766357,0.5969152450561523,0.5826073288917542,0.018021106719970703,0.4651486873626709,0.46146291494369507,0.6892727017402649,-0.4966302216053009,0.9849787950515747,0.3862573802471161,0.4394741654396057,0.08913419395685196,0.9999145269393921,0.35199254751205444,0.439119428396225,-0.08923154324293137,0.9999551773071289,0.2905631959438324,0.4851357340812683,0.3533945679664612,0.06792202591896057,0.2580331563949585,0.493874728679657,0.12817436456680298,0.7633547782897949,0.2107250690460205,0.49652665853500366,0.6174880862236023,0.21778982877731323,0.1758749932050705,0.49880579113960266,0.3727462589740753,0.9134301543235779,0.19097255170345306,0.4784556031227112,0.6404222846031189,0.3704051077365875,0.1568950116634369,0.4810831844806671,0.3969520330429077,0.7971092462539673,0.21047557890415192,0.5579531192779541,0.5904019474983215,0.46383610367774963,0.1642920821905136,0.5820208787918091,0.33163538575172424,0.8782759308815002,1
0.5963626503944397,0.4818403422832489,-0.37446290254592896,0.9991834759712219,0.6035935878753662,0.46752288937568665,-0.37050822377204895,0.9989069104194641,0.6039321422576904,0.4650302827358246,-0.3710409104824066,0.9990255832672119,0.6043018698692322,0.46234601736068726,-0.37103864550590515,0.9993507862091064,0.6014143228530884,0.46467500925064087,-0.4060298800468445,0.9993643164634705,0.599849283695221,0.460217148065567,-0.40639442205429077,0.9995733499526978,0.5978320837020874,0.4546964466571808,-0.4065971374511719,0.9996629953384399,0.5932701230049133,0.4284563958644867,-0.29916009306907654,0.9996150135993958,0.5852696299552917,0.4210161566734314,-0.4581599235534668,0.9992775917053223,0.5842037796974182,0.47402286529541016,-0.3358233571052551,0.9993538856506348,0.5814633965492249,0.47117412090301514,-0.38468173146247864,0.9994157552719116,0.5743716955184937,0.36160826683044434,-0.1793987900018692,0.9999368786811829,0.48963263630867004,0.36436542868614197,-0.4202338755130768,0.9999310374259949,0.5690165162086487,0.45271071791648865,-0.02605925314128399,0.14933568239212036,0.43028783798217773,0.4974537491798401,-0.4601271450519562,0.9974024295806885,0.5911701321601868,0.5627854466438293,-0.005811585579067469,0.45442476868629456,0.4368210732936859,0.6838725209236145,-0.5110087990760803,0.9971919059753418,0.6166379451751709,0.5754136443138123,-0.013882609084248543,0.5017858147621155,0.4573856592178345,0.7150961756706238,-0.5771684646606445,0.9945778846740723,0.6105044484138489,0.5827359557151794,-0.056565623730421066,0.5296112298965454,0.46811217069625854,0.6972766518592834,-0.5635522603988647,0.9948104619979858,0.5963548421859741,0.5815097093582153,-0.02179318480193615,0.5040534138679504,0.46148377656936646,0.6886019706726074,-0.5114244818687439,0.9847095012664795,0.3863030672073364,0.43132326006889343,0.09068680554628372,0.999915599822998,0.3518220782279968,0.4317818582057953,-0.09078241884708405,0.9999529719352722,0.29074257612228394,0.4823436737060547,0.35752391815185547,0.06594546884298325,0.2581276297569275,0.4910086691379547,0.1284405142068863,0.7551382184028625,0.2109842449426651,0.4978121817111969,0.624855101108551,0.21312329173088074,0.17651180922985077,0.499032199382782,0.3794466555118561,0.9105361104011536,0.19124656915664673,0.4828202426433563,0.6480811238288879,0.36330974102020264,0.15687638521194458,0.48271071910858154,0.4036497473716736,0.7914230227470398,0.2112961858510971,0.5598821640014648,0.5992117524147034,0.4606287479400635,0.17089881002902985,0.5821298956871033,0.338604599237442,0.8752255439758301,1
0.5907710790634155,0.4610626995563507,-0.3844550848007202,0.9992461204528809,0.5997823476791382,0.4509052336215973,-0.38071581721305847,0.9989892244338989,0.600235104560852,0.44856181740760803,-0.381243497133255,0.9991028308868408,0.6007253527641296,0.4459829330444336,-0.3812291920185089,0.999402642250061,0.5976158380508423,0.44769808650016785,-0.415354460477829,0.999410092830658,0.5962120890617371,0.4432663321495056,-0.41571980714797974,0.9996047616004944,0.5943555235862732,0.43756303191185,-0.41590529680252075,0.9996854066848755,0.5910354256629944,0.4131905734539032,-0.3069758117198944,0.9996458292007446,0.5831076502799988,0.4032216966152191,-0.4622899293899536,0.999323308467865,0.5786681771278381,0.4510568380355835,-0.3445621132850647,0.999403178691864,0.5763530731201172,0.44829392433166504,-0.39241495728492737,0.9994550943374634,0.5708158016204834,0.34620988368988037,-0.18510273098945618,0.9999421238899231,0.485883891582489,0.34495097398757935,-0.42085906863212585,0.9999317526817322,0.5691852569580078,0.45203709602355957,-0.0406171940267086,0.20137695968151093,0.43663033843040466,0.49773532152175903,-0.45304232835769653,0.9974764585494995,0.5931771397590637,0.5630606412887573,-0.038725610822439194,0.5040320158004761,0.4369044899940491,0.6828626990318298,-0.5032077431678772,0.9973095059394836,0.618945300579071,0.5758857727050781,-0.050307150930166245,0.5457492470741272,0.45829442143440247,0.7125869393348694,-0.5702289342880249,0.9948276877403259,0.6129533052444458,0.5828245282173157,-0.0930815041065216,0.571808397769928,0.4684409201145172,0.6960891485214233,-0.5587314367294312,0.9950733780860901,0.5998552441596985,0.5818901658058167,-0.05509267747402191,0.547488272190094,0.4615381360054016,0.6881383657455444,-0.504502534866333,0.9854602217674255,0.3851426839828491,0.4216000735759735,0.0908687561750412,0.999919593334198,0.34993475675582886,0.42310717701911926,-0.09097491949796677,0.9999536871910095,0.29222729802131653,0.4787556529045105,0.3597034215927124,0.06882704794406891,0.2582912743091583,0.4888365566730499,0.13876228034496307,0.7612087726593018,0.21472673118114471,0.4974057376384735,0.6346221566200256,0.21890603005886078,0.17752084136009216,0.498579740524292,0.3956252932548523,0.9138479232788086,0.19567011296749115,0.4825623035430908,0.6585636734962463,0.36951589584350586,0.1572534739971161,0.4833325445652008,0.41971442103385925,0.7982748746871948,0.2195003628730774,0.5579984784126282,0.6057141423225403,0.4759088456630707,0.17627586424350739,0.5810756087303162,0.34911590814590454,0.8806748986244202,1
0.5848366022109985,0.44552141427993774,-0.395749032497406,0.9992973208427429,0.5956762433052063,0.4372848868370056,-0.39255398511886597,0.9990586042404175,0.596252977848053,0.43476614356040955,-0.39308685064315796,0.9991670846939087,0.5968278050422668,0.43197402358055115,-0.3930703401565552,0.9994470477104187,0.5934125781059265,0.43428143858909607,-0.4277048408985138,0.9994486570358276,0.5922309160232544,0.43009501695632935,-0.4280645251274109,0.999630331993103,0.5907722115516663,0.4247387945652008,-0.42825794219970703,0.9997036457061768,0.5882951617240906,0.39859750866889954,-0.32022207975387573,0.9996716380119324,0.580694317817688,0.3886198401451111,-0.4784741997718811,0.9993574619293213,0.5725882649421692,0.433867484331131,-0.3563007414340973,0.9994437098503113,0.5708515644073486,0.43152865767478943,-0.4049552381038666,0.9994851350784302,0.5679611563682556,0.33044958114624023,-0.19554294645786285,0.9999468326568604,0.4803081452846527,0.3408414423465729,-0.4425644278526306,0.9999318718910217,0.5713062882423401,0.4456801116466522,-0.05025067180395126,0.24089743196964264,0.4423244893550873,0.4991213083267212,-0.48239725828170776,0.997442364692688,0.5925203561782837,0.5647413730621338,-0.044575560837984085,0.5447837114334106,0.43831974267959595,0.6827860474586487,-0.5348597168922424,0.9972925782203674,0.6178122162818909,0.5762203931808472,-0.05487535893917084,0.5806215405464172,0.46034887433052063,0.7116222977638245,-0.6035239100456238,0.9948111176490784,0.6132282614707947,0.5834378004074097,-0.09737343341112137,0.6057407259941101,0.46990716457366943,0.6961855888366699,-0.5923103094100952,0.9950940012931824,0.6009259819984436,0.5846944451332092,-0.06083042174577713,0.5817931294441223,0.4626423418521881,0.6886959075927734,-0.5365130305290222,0.985501766204834,0.3854120075702667,0.41821908950805664,0.09422140568494797,0.9999245405197144,0.34944993257522583,0.42145195603370667,-0.09433985501527786,0.9999554753303528,0.29378995299339294,0.4775608777999878,0.37778791785240173,0.0688461884856224,0.2583659291267395,0.4876878559589386,0.1365555226802826,0.7640425562858582,0.2165345698595047,0.49770158529281616,0.6648444533348083,0.22108380496501923,0.17660611867904663,0.4989136755466461,0.3968444764614105,0.915919303894043,0.19941170513629913,0.4827086329460144,0.689818263053894,0.37067168951034546,0.15636014938354492,0.48333123326301575,0.42164161801338196,0.7994480729103088,0.21904706954956055,0.5583377480506897,0.6337597966194153,0.4853721857070923,0.16989168524742126,0.5828307867050171,0.34632620215415955,0.8842206597328186,1
0.5803601741790771,0.4359062612056732,-0.38691821694374084,0.9993523359298706,0.5919207334518433,0.42744678258895874,-0.38306480646133423,0.9991331100463867,0.5925776958465576,0.42445826530456543,-0.38359203934669495,0.9992345571517944,0.5933306217193604,0.4213104546070099,-0.3835667669773102,0.9994925260543823,0.5894087553024292,0.4248029887676239,-0.41911035776138306,0.999491274356842,0.5880823135375977,0.4201628565788269,-0.41946637630462646,0.9996588826179504,0.5867477655410767,0.415314644575119,-0.419665664434433,0.9997252821922302,0.5858793258666992,0.38891860842704773,-0.3113629221916199,0.9996985197067261,0.5772267580032349,0.38105684518814087,-0.47374093532562256,0.9994024038314819,0.5689638257026672,0.4248633086681366,-0.3480478823184967,0.9994887709617615,0.5674171447753906,0.42330265045166016,-0.3978649377822876,0.999522864818573,0.5639762878417969,0.3200441896915436,-0.18854346871376038,0.9999513030052185,0.47745877504348755,0.33985060453414917,-0.4453275799751282,0.9999335408210754,0.5702860355377197,0.4497969150543213,-0.05464119836688042,0.28571632504463196,0.4484606981277466,0.5030972957611084,-0.4832874834537506,0.9974766373634338,0.592225193977356,0.569674015045166,-0.07153286784887314,0.5841217041015625,0.440194696187973,0.6802269816398621,-0.5239405035972595,0.9973704814910889,0.6161009669303894,0.5775758624076843,-0.08372049778699875,0.614983856678009,0.46293583512306213,0.7079578638076782,-0.591666579246521,0.9949409365653992,0.611871600151062,0.5857033133506775,-0.12663564085960388,0.6388679146766663,0.47195741534233093,0.6941274404525757,-0.5808864831924438,0.9952403903007507,0.6004973649978638,0.5876678824424744,-0.08860980719327927,0.6157854199409485,0.46353739500045776,0.6874157786369324,-0.5254979729652405,0.9859341979026794,0.38486841320991516,0.41480329632759094,0.09649527817964554,0.9999291300773621,0.3479404151439667,0.42061951756477356,-0.09662172943353653,0.9999572038650513,0.29401978850364685,0.4752500653266907,0.3864910900592804,0.07134383171796799,0.2583860754966736,0.4865228831768036,0.1383822113275528,0.7697772979736328,0.2184659093618393,0.4969590902328491,0.6886966824531555,0.2236640602350235,0.17670534551143646,0.4985552728176117,0.4152817726135254,0.9180219173431396,0.20097480714321136,0.4810163676738739,0.7155225872993469,0.37177565693855286,0.15624934434890747,0.483033686876297,0.44144293665885925,0.8013781905174255,0.2170214056968689,0.5550576448440552,0.6636988520622253,0.4924660921096802,0.16410289704799652,0.5809687376022339,0.36712753772735596,0.8874968886375427,1
0.5799332857131958,0.42443960905075073,-0.37564051151275635,0.9994036555290222,0.5909520387649536,0.41559717059135437,-0.3717392385005951,0.9992023706436157,0.5915194153785706,0.41222837567329407,-0.3722589910030365,0.9992973804473877,0.5921931862831116,0.4088027775287628,-0.37223294377326965,0.9995347857475281,0.5881774425506592,0.4131980836391449,-0.4072766900062561,0.9995303750038147,0.5866302251815796,0.40845873951911926,-0.4076334536075592,0.9996850490570068,0.5850698947906494,0.4035870134830475,-0.4078236520290375,0.9997449517250061,0.5845644474029541,0.3775300681591034,-0.3018089234828949,0.9997233748435974,0.5753740072250366,0.3713080883026123,-0.4618961215019226,0.9994421005249023,0.5682452321052551,0.4130876064300537,-0.3376947343349457,0.9995304942131042,0.5666916370391846,0.4118385314941406,-0.3868315815925598,0.9995577931404114,0.5618600845336914,0.3103522062301636,-0.18185025453567505,0.9999555349349976,0.47643592953681946,0.33794113993644714,-0.43259894847869873,0.9999357461929321,0.569214403629303,0.44835424423217773,-0.05012178048491478,0.3279739320278168,0.45013222098350525,0.5068284869194031,-0.4684540331363678,0.9974809885025024,0.5912864804267883,0.5697011351585388,-0.0644155889749527,0.6201044321060181,0.4415340721607208,0.67765873670578,-0.5070479512214661,0.9973874688148499,0.6155233979225159,0.5777319073677063,-0.07525400817394257,0.6463116407394409,0.4628351628780365,0.7056421637535095,-0.572277843952179,0.9949698448181152,0.6108165383338928,0.5858309864997864,-0.11798541992902756,0.6690117716789246,0.4718935191631317,0.6940487623214722,-0.5610813498497009,0.9952922463417053,0.5991653800010681,0.5876906514167786,-0.08123026043176651,0.6468164920806885,0.4637244641780853,0.6870473623275757,-0.5082404017448425,0.9860890507698059,0.38503536581993103,0.4081588685512543,0.09695081412792206,0.9999340772628784,0.34785348176956177,0.41714414954185486,-0.09707706421613693,0.9999595880508423,0.2947486937046051,0.47250163555145264,0.3815852701663971,0.07494062185287476,0.25839272141456604,0.48558947443962097,0.13468866050243378,0.7802839875221252,0.22192208468914032,0.49651631712913513,0.670897364616394,0.2306510955095291,0.17503143846988678,0.4988766014575958,0.4032835364341736,0.92241370677948,0.20426101982593536,0.4809524416923523,0.6962677836418152,0.37833723425865173,0.15407662093639374,0.48370224237442017,0.4289165139198303,0.8088259100914001,0.21688932180404663,0.5548493266105652,0.6457669734954834,0.5046294927597046,0.1622825413942337,0.5810644030570984,0.34673547744750977,0.8934078812599182,1
0.5788752436637878,0.4137846827507019,-0.37057632207870483,0.999454140663147,0.590312123298645,0.4047839641571045,-0.36680400371551514,0.9992702603340149,0.5909346342086792,0.4018223285675049,-0.36731135845184326,0.9993588328361511,0.5916711091995239,0.39868003129959106,-0.36728522181510925,0.9995756149291992,0.587210476398468,0.40177324414253235,-0.40189942717552185,0.9995690584182739,0.5855060815811157,0.3968733549118042,-0.4022781252861023,0.9997111558914185,0.583721399307251,0.3915296494960785,-0.4024788737297058,0.9997647404670715,0.5836195349693298,0.36676162481307983,-0.2970617413520813,0.9997477531433105,0.5738998055458069,0.3595138192176819,-0.45461592078208923,0.9994841814041138,0.5670614242553711,0.4038315415382385,-0.3326222002506256,0.9995712041854858,0.565535843372345,0.4019796848297119,-0.3809744715690613,0.999593198299408,0.5603067278862,0.30342787504196167,-0.17776994407176971,0.999959409236908,0.47587424516677856,0.32575783133506775,-0.4236341118812561,0.9999374747276306,0.568639874458313,0.44428855180740356,-0.05040315166115761,0.37656736373901367,0.44928663969039917,0.5066010355949402,-0.4598373472690582,0.9975359439849854,0.5907458662986755,0.5706770420074463,-0.07205463945865631,0.6549743413925171,0.4419231414794922,0.6770967841148376,-0.5014309287071228,0.9974921345710754,0.61543208360672,0.5780853033065796,-0.0830584391951561,0.6776601076126099,0.46259623765945435,0.7054542899131775,-0.563992440700531,0.9951894283294678,0.6102514266967773,0.5858997106552124,-0.125941202044487,0.698804497718811,0.4723375141620636,0.6941894292831421,-0.551825225353241,0.9955127835273743,0.5988062620162964,0.5878658294677734,-0.08882306516170502,0.6779919266700745,0.4646717309951782,0.6872055530548096,-0.5015174150466919,0.9867486953735352,0.38443121314048767,0.40135395526885986,0.096542127430439,0.9999366998672485,0.34714633226394653,0.41539955139160156,-0.09667254984378815,0.9999599456787109,0.2951458990573883,0.46757766604423523,0.379952996969223,0.07943862676620483,0.2584060728549957,0.4843814969062805,0.1408933699131012,0.7900435328483582,0.22239342331886292,0.49543681740760803,0.6704704761505127,0.23405121266841888,0.17507807910442352,0.4989340305328369,0.40334850549697876,0.9261853694915771,0.20462171733379364,0.4801056385040283,0.6962993741035461,0.3821064531803131,0.1540111005306244,0.4839373528957367,0.4278298318386078,0.8168244957923889,0.222991943359375,0.5508277416229248,0.6479929685592651,0.5135698318481445,0.16853301227092743,0.580784022808075,0.35385236144065857,0.8985437154769897,1
0.5801317095756531,0.40882545709609985,-0.37338605523109436,0.999494194984436,0.5912517309188843,0.39898473024368286,-0.36932218074798584,0.9993246793746948,0.5918883681297302,0.3959830403327942,-0.3698352575302124,0.9994087815284729,0.5926656723022461,0.39282968640327454,-0.36981001496315,0.9996091723442078,0.5881136059761047,0.3959687054157257,-0.40512561798095703,0.9995995163917542,0.586290180683136,0.3908141255378723,-0.40547677874565125,0.9997316598892212,0.5844284296035767,0.38529422879219055,-0.40566545724868774,0.9997797608375549,0.5842309594154358,0.36090031266212463,-0.299222856760025,0.9997680187225342,0.5742961764335632,0.354669988155365,-0.4607679545879364,0.9995161294937134,0.5679851770401001,0.39827531576156616,-0.3354748785495758,0.999605119228363,0.5662700533866882,0.3961237072944641,-0.38506001234054565,0.9996219277381897,0.5599334239959717,0.29771411418914795,-0.18248502910137177,0.9999628663063049,0.4764149487018585,0.3186452090740204,-0.43166500329971313,0.9999388456344604,0.5683910846710205,0.4380273222923279,-0.0644497349858284,0.4204346239566803,0.4482033848762512,0.5059802532196045,-0.4702778160572052,0.9975846409797668,0.5902792811393738,0.5709947347640991,-0.09274420887231827,0.6862273812294006,0.44189393520355225,0.6767376065254211,-0.5100058317184448,0.9975858926773071,0.6145872473716736,0.5783935785293579,-0.1052892729640007,0.7056557536125183,0.4623996615409851,0.7056676745414734,-0.5769299864768982,0.9953639507293701,0.609863817691803,0.5857871174812317,-0.14833548665046692,0.7254449129104614,0.47237852215766907,0.6954451203346252,-0.565911591053009,0.9956892132759094,0.598085343837738,0.587781548500061,-0.10990050435066223,0.7058190703392029,0.4648251533508301,0.6882368922233582,-0.5115029215812683,0.9872901439666748,0.3852284252643585,0.39846739172935486,0.09667219966650009,0.9999400973320007,0.3472251296043396,0.4108976423740387,-0.09681364893913269,0.999961256980896,0.29862266778945923,0.4677833020687103,0.3866196572780609,0.08533434569835663,0.25956013798713684,0.48376691341400146,0.1396624594926834,0.8009891510009766,0.22835636138916016,0.4937029778957367,0.6882665753364563,0.24239963293075562,0.17528541386127472,0.49968019127845764,0.401972234249115,0.9305691123008728,0.20629222691059113,0.4753202199935913,0.715155303478241,0.38784006237983704,0.1540624052286148,0.484701544046402,0.4266752004623413,0.8245276212692261,0.2239898145198822,0.5504439473152161,0.66538006067276,0.5272500514984131,0.1684010624885559,0.5831690430641174,0.3512952923774719,0.9044081568717957,1
0.581482470035553,0.4063398838043213,-0.3725404739379883,0.9995246529579163,0.5922011733055115,0.39560747146606445,-0.3678174316883087,0.9993679523468018,0.5927721858024597,0.3920629620552063,-0.368335098028183,0.9994487762451172,0.5934615731239319,0.38841843605041504,-0.36830946803092957,0.9996367692947388,0.5890638828277588,0.39278745651245117,-0.4041438698768616,0.9996227622032166,0.5871807336807251,0.38757798075675964,-0.4044870138168335,0.9997469186782837,0.5852250456809998,0.38158729672431946,-0.4046694338321686,0.9997906684875488,0.5846408605575562,0.3558554947376251,-0.2963715195655823,0.9997842907905579,0.5749509930610657,0.35046693682670593,-0.4591924846172333,0.9995366334915161,0.5693577527999878,0.39605700969696045,-0.333872526884079,0.999631941318512,0.5674837827682495,0.39433225989341736,-0.38413190841674805,0.999643087387085,0.5588842630386353,0.2950042486190796,-0.1796928495168686,0.9999658465385437,0.4767110049724579,0.3166027069091797,-0.430865079164505,0.9999387264251709,0.5681479573249817,0.4386211633682251,-0.0611887089908123,0.4463038444519043,0.4500536620616913,0.5039567351341248,-0.4723024368286133,0.9974294900894165,0.5889036655426025,0.5709996819496155,-0.09381650388240814,0.7107930779457092,0.442950576543808,0.6762083768844604,-0.5112556219100952,0.9974335432052612,0.6121670007705688,0.5784476399421692,-0.10730493068695068,0.7266344428062439,0.46360525488853455,0.7052720189094543,-0.5787920355796814,0.9950665235519409,0.608363151550293,0.5856779217720032,-0.14899572730064392,0.7459104061126709,0.4739271104335785,0.6954811811447144,-0.5670971274375916,0.9954426884651184,0.5949112176895142,0.5877894759178162,-0.11066856235265732,0.7264357209205627,0.467199444770813,0.6882479786872864,-0.5126165151596069,0.9866040349006653,0.3852618336677551,0.4001276195049286,0.09668875485658646,0.9999433159828186,0.3468632698059082,0.40917253494262695,-0.09683210402727127,0.9999624490737915,0.30037203431129456,0.46688583493232727,0.3933719992637634,0.08562549203634262,0.26017147302627563,0.4832597076892853,0.13879437744617462,0.8023180365562439,0.23562446236610413,0.4918079972267151,0.7000274062156677,0.24391427636146545,0.17711132764816284,0.4996615946292877,0.4097214341163635,0.9325447678565979,0.22095802426338196,0.4740709066390991,0.7271620035171509,0.3865707218647003,0.15603642165660858,0.4846388101577759,0.43508854508399963,0.8256890773773193,0.2246992290019989,0.5502808094024658,0.6718860268592834,0.5334165692329407,0.16832183301448822,0.5832013487815857,0.35373690724372864,0.9074130654335022,1
0.5823103785514832,0.4061211049556732,-0.3714187741279602,0.9995669722557068,0.5928605198860168,0.39536863565444946,-0.366354763507843,0.9994250535964966,0.5934280157089233,0.39202654361724854,-0.36687707901000977,0.9994996190071106,0.5940988063812256,0.38845011591911316,-0.3668578267097473,0.999670147895813,0.5897729992866516,0.3929828703403473,-0.4018983840942383,0.9996563196182251,0.5879373550415039,0.3880290985107422,-0.40225058794021606,0.9997696280479431,0.5860036611557007,0.3821142911911011,-0.4024394154548645,0.9998087882995605,0.5851776599884033,0.3548940122127533,-0.294796347618103,0.9998044371604919,0.5755663514137268,0.3486878573894501,-0.45837587118148804,0.9995768666267395,0.5700641870498657,0.39565691351890564,-0.33249473571777344,0.9996656775474548,0.5680961012840271,0.394214004278183,-0.38175371289253235,0.9996750950813293,0.5582244992256165,0.29443997144699097,-0.17871569097042084,0.9999688863754272,0.4766378104686737,0.3170008659362793,-0.42883187532424927,0.9999421834945679,0.5674310922622681,0.43573158979415894,-0.0584065243601799,0.4869879186153412,0.4491947889328003,0.5029678344726562,-0.46794071793556213,0.9975507259368896,0.5884706377983093,0.5715258717536926,-0.08256862312555313,0.737870991230011,0.44290369749069214,0.6752450466156006,-0.5077799558639526,0.9976012706756592,0.6120133996009827,0.5808777213096619,-0.0939701646566391,0.7516219019889832,0.46352070569992065,0.7052007913589478,-0.5753850936889648,0.9953923225402832,0.6084931492805481,0.5872564911842346,-0.1370518058538437,0.769418478012085,0.4738292098045349,0.6954977512359619,-0.563338041305542,0.9957492351531982,0.5947948098182678,0.5892336964607239,-0.09958064556121826,0.751343309879303,0.4671517312526703,0.6881192922592163,-0.5090624690055847,0.9875195622444153,0.3869139850139618,0.39681947231292725,0.09654280543327332,0.9999444484710693,0.34693780541419983,0.40960758924484253,-0.09668377041816711,0.9999622106552124,0.3197837471961975,0.4662809669971466,0.38806429505348206,0.0960371270775795,0.26018139719963074,0.4833802282810211,0.15595218539237976,0.814487099647522,0.25841203331947327,0.4901841878890991,0.6906798481941223,0.2547299563884735,0.1780940443277359,0.49969080090522766,0.4363243877887726,0.9370994567871094,0.24239781498908997,0.4732379913330078,0.7180444002151489,0.39588025212287903,0.15731239318847656,0.4850757122039795,0.46263012290000916,0.8353869318962097,0.24713514745235443,0.5389896035194397,0.6712846159934998,0.5519134998321533,0.17378810048103333,0.5815890431404114,0.38752833008766174,0.913710355758667,1
0.582789421081543,0.4067438542842865,-0.3754582107067108,0.999602198600769,0.593286395072937,0.3961089551448822,-0.3703613579273224,0.9994726181030273,0.5938190221786499,0.3931581377983093,-0.3708804249763489,0.9995420575141907,0.5944634079933167,0.38980111479759216,-0.37085357308387756,0.9996984601020813,0.5902273654937744,0.39358049631118774,-0.4064786732196808,0.9996839761734009,0.5883386135101318,0.3883594274520874,-0.40681830048561096,0.9997881054878235,0.5862978100776672,0.3820563852787018,-0.40699273347854614,0.999823272228241,0.5853725671768188,0.3546856641769409,-0.29719647765159607,0.9998213052749634,0.5757561326026917,0.3473564386367798,-0.4613135755062103,0.999608039855957,0.5703246593475342,0.39741578698158264,-0.33626750111579895,0.9996938705444336,0.5682056546211243,0.39545759558677673,-0.38634490966796875,0.9997004866600037,0.5583557486534119,0.29342415928840637,-0.17863035202026367,0.9999714493751526,0.4760478734970093,0.3180156350135803,-0.43215835094451904,0.9999434351921082,0.5684105753898621,0.4293946325778961,-0.058776576071977615,0.517258882522583,0.4487352967262268,0.5021460652351379,-0.4681130051612854,0.997562825679779,0.5883143544197083,0.570694625377655,-0.0910806804895401,0.760414183139801,0.442577987909317,0.6753160953521729,-0.505745530128479,0.9976109862327576,0.6119228601455688,0.5809940099716187,-0.10516186058521271,0.7718043327331543,0.463373064994812,0.705252468585968,-0.5729894638061523,0.9954185485839844,0.6087219715118408,0.587302029132843,-0.14819985628128052,0.788657009601593,0.4737761914730072,0.6956043243408203,-0.5618103742599487,0.9957883358001709,0.5951663851737976,0.5891454815864563,-0.10845174640417099,0.7713317275047302,0.4671093821525574,0.6882180571556091,-0.5071154236793518,0.9876437783241272,0.3859240710735321,0.39994293451309204,0.0977180004119873,0.9999468922615051,0.3466891348361969,0.4103813171386719,-0.09787249565124512,0.9999628663063049,0.3183879852294922,0.46636655926704407,0.3979577422142029,0.10066290944814682,0.2602722942829132,0.4837627410888672,0.15329855680465698,0.8219006061553955,0.25396668910980225,0.4910326898097992,0.7042344212532043,0.263145387172699,0.17799358069896698,0.5001227855682373,0.4213717579841614,0.9398897886276245,0.2326047718524933,0.4767303466796875,0.731253981590271,0.4055289626121521,0.15726421773433685,0.48538270592689514,0.44673165678977966,0.8402395248413086,0.24378421902656555,0.542852520942688,0.6785647869110107,0.5655847191810608,0.17509958148002625,0.580288290977478,0.3725207448005676,0.9177232980728149,1
0.5828830003738403,0.40767702460289,-0.37498387694358826,0.9996329545974731,0.5934092402458191,0.3972911238670349,-0.3700256645679474,0.9995139837265015,0.5939018130302429,0.3947412073612213,-0.3705231845378876,0.9995795488357544,0.5945389866828918,0.3917792737483978,-0.3704862892627716,0.9997230768203735,0.5904834866523743,0.3946813941001892,-0.40609654784202576,0.9997080564498901,0.5885463356971741,0.3892165720462799,-0.406444251537323,0.9998045563697815,0.586436927318573,0.38253796100616455,-0.40662017464637756,0.9998360872268677,0.5853733420372009,0.3563872277736664,-0.29632630944252014,0.9998361468315125,0.5758532881736755,0.3477812707424164,-0.4596237540245056,0.9996364712715149,0.5701438784599304,0.39854052662849426,-0.33547109365463257,0.9997185468673706,0.5679117441177368,0.3957352638244629,-0.3860222101211548,0.999723494052887,0.557902455329895,0.29316768050193787,-0.17789426445960999,0.9999738335609436,0.4761349558830261,0.3208754360675812,-0.4305974245071411,0.999945878982544,0.568351686000824,0.4251951575279236,-0.055000338703393936,0.54736328125,0.44869163632392883,0.5012422204017639,-0.4665994346141815,0.9976181983947754,0.5880681872367859,0.5703032612800598,-0.07759145647287369,0.7817942500114441,0.4416193962097168,0.6752972602844238,-0.5045455098152161,0.9977207779884338,0.6118012070655823,0.5810112953186035,-0.08921811729669571,0.7913494110107422,0.4614233374595642,0.7052115201950073,-0.5723518133163452,0.9956240057945251,0.6088129281997681,0.587306022644043,-0.13165144622325897,0.8070993423461914,0.47182562947273254,0.6956247687339783,-0.5613505840301514,0.9959815144538879,0.5955560207366943,0.5888449549674988,-0.09438875317573547,0.7907590270042419,0.4660703241825104,0.6882483959197998,-0.5060893297195435,0.9882383346557617,0.38718125224113464,0.4000902771949768,0.09759976714849472,0.9999492764472961,0.3470079004764557,0.4107382595539093,-0.09775220602750778,0.9999640583992004,0.3168897330760956,0.4666252136230469,0.39406582713127136,0.10926347225904465,0.2605748772621155,0.4839070737361908,0.1502225697040558,0.8324115872383118,0.258419007062912,0.48934727907180786,0.6983897686004639,0.2724427580833435,0.17798645794391632,0.49974286556243896,0.41564205288887024,0.9435547590255737,0.23958559334278107,0.4750688970088959,0.7257728576660156,0.41217514872550964,0.15726691484451294,0.4844491481781006,0.4409831166267395,0.847279965877533,0.2455970197916031,0.5318728685379028,0.679915726184845,0.5798944234848022,0.17450742423534393,0.5803250074386597,0.36661386489868164,0.9226713180541992,1
0.5829331278800964,0.4124438762664795,-0.3742254674434662,0.9996505379676819,0.5935654044151306,0.4017568528652191,-0.3692942261695862,0.9995403289794922,0.5940873026847839,0.39892643690109253,-0.3697999119758606,0.9996057152748108,0.5947275161743164,0.39595305919647217,-0.3697718679904938,0.9997403621673584,0.5906680226325989,0.399122416973114,-0.4060625433921814,0.9997212886810303,0.5889835953712463,0.39423632621765137,-0.4063996374607086,0.9998134970664978,0.5867998003959656,0.3880818486213684,-0.40658122301101685,0.9998416900634766,0.5855430364608765,0.36147600412368774,-0.2957085371017456,0.9998472929000854,0.5759708285331726,0.3530016243457794,-0.4606049656867981,0.9996503591537476,0.5703520178794861,0.40303921699523926,-0.33427098393440247,0.9997348785400391,0.5681752562522888,0.4006898105144501,-0.38532766699790955,0.9997374415397644,0.5575660467147827,0.29726293683052063,-0.175582617521286,0.9999756813049316,0.47657039761543274,0.32312169671058655,-0.4308857321739197,0.9999452233314514,0.5681182146072388,0.4246649444103241,-0.05407517030835152,0.5703023672103882,0.4462015926837921,0.5000262260437012,-0.47227904200553894,0.9975178241729736,0.5880181193351746,0.5696329474449158,-0.07268217951059341,0.8007315397262573,0.441408634185791,0.6753554940223694,-0.5146326422691345,0.9976268410682678,0.6121117472648621,0.5810219049453735,-0.08431172370910645,0.8084045648574829,0.46118655800819397,0.705265462398529,-0.5831117630004883,0.995418906211853,0.6093774437904358,0.5872107744216919,-0.12864233553409576,0.8232983946800232,0.4716242849826813,0.6956380009651184,-0.5706040263175964,0.9958117008209229,0.5963430404663086,0.5876559019088745,-0.08978251367807388,0.8076240420341492,0.4660021960735321,0.6883878707885742,-0.515742838382721,0.9878625273704529,0.38814741373062134,0.4002648890018463,0.09748127311468124,0.9999478459358215,0.3470880687236786,0.4116491973400116,-0.09763368219137192,0.9999614953994751,0.3317633271217346,0.46698951721191406,0.4115510880947113,0.10932280123233795,0.26081088185310364,0.484075129032135,0.1474890559911728,0.8351290225982666,0.2870461046695709,0.5014125108718872,0.7451654672622681,0.2687157392501831,0.1777743250131607,0.49900975823402405,0.44042691588401794,0.9438549876213074,0.2719372808933258,0.48853760957717896,0.77586829662323,0.40493401885032654,0.15736320614814758,0.4833914339542389,0.4689463675022125,0.8426757454872131,0.2820986211299896,0.5398222804069519,0.7370074987411499,0.5795058012008667,0.17434696853160858,0.5794925689697266,0.3926885426044464,0.9231022596359253,1
0.5844403505325317,0.41610080003738403,-0.37456703186035156,0.9996697306632996,0.5942124724388123,0.40192291140556335,-0.3693065047264099,0.9995672702789307,0.5945156812667847,0.3995859622955322,-0.36981356143951416,0.9996308088302612,0.5949504971504211,0.3971313536167145,-0.36978286504745483,0.9997570514678955,0.5918015241622925,0.40006446838378906,-0.4063571095466614,0.9997366070747375,0.5899396538734436,0.3947261571884155,-0.40669530630111694,0.9998238682746887,0.5876463055610657,0.38892146944999695,-0.40688541531562805,0.9998495578765869,0.5856772065162659,0.3618188500404358,-0.29516714811325073,0.9998574256896973,0.5760831236839294,0.35419559478759766,-0.460501104593277,0.9996680617332458,0.5715235471725464,0.40799975395202637,-0.3341442048549652,0.9997513890266418,0.5691667795181274,0.40607550740242004,-0.3854917883872986,0.9997520446777344,0.5578607320785522,0.29884713888168335,-0.1713968962430954,0.9999772906303406,0.476904958486557,0.324434369802475,-0.43137457966804504,0.9999456405639648,0.567959725856781,0.42557117342948914,-0.046518705785274506,0.5874500274658203,0.44319602847099304,0.49926939606666565,-0.47038593888282776,0.9975104928016663,0.5884397625923157,0.5698213577270508,-0.07238705456256866,0.8167924880981445,0.44102737307548523,0.675395667552948,-0.5112047791481018,0.99759840965271,0.6131872534751892,0.5816264152526855,-0.08311113715171814,0.8226815462112427,0.4606629014015198,0.705409824848175,-0.5788886547088623,0.9953286051750183,0.6106858849525452,0.5875510573387146,-0.12729445099830627,0.8369752168655396,0.47148075699806213,0.6955493092536926,-0.5664958953857422,0.9957401752471924,0.598359227180481,0.5877541303634644,-0.08931204676628113,0.8217177391052246,0.4659927487373352,0.6881265640258789,-0.5122944712638855,0.9877182245254517,0.3907441794872284,0.4069305956363678,0.09791558235883713,0.9999480247497559,0.34894341230392456,0.41238224506378174,-0.09806231409311295,0.9999605417251587,0.3248206079006195,0.4670654535293579,0.407036155462265,0.11219189316034317,0.26165029406547546,0.48422980308532715,0.14116176962852478,0.8380730748176575,0.2697012722492218,0.4994674026966095,0.7223240733146667,0.2706817090511322,0.1777658313512802,0.49876895546913147,0.4317014515399933,0.9444067478179932,0.25343766808509827,0.48705580830574036,0.7505964636802673,0.40549206733703613,0.15792323648929596,0.48332875967025757,0.4586767554283142,0.8404257893562317,0.2729912996292114,0.5405799746513367,0.7056022882461548,0.5840129256248474,0.1741700917482376,0.5791025757789612,0.3810077905654907,0.9239193797111511,1
0.5879053473472595,0.43010878562927246,-0.37352463603019714,0.9996911287307739,0.5960800647735596,0.4130495488643646,-0.3684333264827728,0.9995957612991333,0.5961323380470276,0.41034436225891113,-0.3689407706260681,0.9996564984321594,0.5963570475578308,0.40756717324256897,-0.3689105212688446,0.9997742176055908,0.5942726731300354,0.4109835624694824,-0.4052741229534149,0.9997532963752747,0.5928137302398682,0.40710633993148804,-0.40561360120773315,0.999835193157196,0.5908249616622925,0.4027193486690521,-0.40580180287361145,0.999858558177948,0.5864757299423218,0.3733103573322296,-0.29495304822921753,0.9998677968978882,0.5785821676254272,0.36873549222946167,-0.46000733971595764,0.9996883273124695,0.5749589204788208,0.42204561829566956,-0.3335823714733124,0.9997692108154297,0.5722349882125854,0.42033693194389343,-0.3846224546432495,0.999768078327179,0.5580033659934998,0.30670300126075745,-0.17140080034732819,0.9999790191650391,0.47817012667655945,0.33099833130836487,-0.4302554428577423,0.9999477863311768,0.5679189562797546,0.42654553055763245,-0.03569204732775688,0.5980691909790039,0.44091978669166565,0.4986853003501892,-0.4690104126930237,0.997549295425415,0.5883985161781311,0.5678138732910156,-0.04014882817864418,0.8301836252212524,0.44016459584236145,0.6754391193389893,-0.511053204536438,0.9976226091384888,0.6131535768508911,0.5790795683860779,-0.04928736016154289,0.8344299793243408,0.4597807228565216,0.7054297924041748,-0.5774631500244141,0.9953789710998535,0.6105496883392334,0.5858328342437744,-0.09184839576482773,0.8482859134674072,0.4711126685142517,0.6951282620429993,-0.5642288327217102,0.9957910180091858,0.5981766581535339,0.585974931716919,-0.05652265623211861,0.8332265019416809,0.4657485783100128,0.6875765919685364,-0.5113634467124939,0.9878273010253906,0.3908778429031372,0.41489046812057495,0.09808944165706635,0.999950110912323,0.34974679350852966,0.4129461348056793,-0.0982188954949379,0.9999617338180542,0.32008978724479675,0.4685969054698944,0.4003754258155823,0.11584603041410446,0.2626350522041321,0.48426955938339233,0.1323624700307846,0.8446803689002991,0.24947141110897064,0.4990445673465729,0.69579017162323,0.2841610908508301,0.1774715930223465,0.4985814392566681,0.4024590253829956,0.9473928213119507,0.23680409789085388,0.4862154424190521,0.7215566635131836,0.4200364351272583,0.15796633064746857,0.48238617181777954,0.42754653096199036,0.8474729061126709,0.24503590166568756,0.5444508790969849,0.6684896349906921,0.5992005467414856,0.17072229087352753,0.578514814376831,0.34858277440071106,0.928115725517273,1
0.5897713899612427,0.44906798005104065,-0.37130340933799744,0.9997060894966125,0.598199725151062,0.43353548645973206,-0.3663153648376465,0.9996169805526733,0.5980433821678162,0.4299461841583252,-0.36680901050567627,0.9996763467788696,0.5981064438819885,0.42631736397743225,-0.36677637696266174,0.9997872710227966,0.5963301062583923,0.43089890480041504,-0.4025264084339142,0.9997655749320984,0.5945020318031311,0.4259132444858551,-0.402874618768692,0.9998436570167542,0.5923006534576416,0.4207524359226227,-0.4030807316303253,0.9998651742935181,0.5879911780357361,0.3930074870586395,-0.2939336895942688,0.9998763799667358,0.5800321102142334,0.3889971077442169,-0.45672258734703064,0.9997047185897827,0.5759066343307495,0.43827304244041443,-0.33220815658569336,0.9997830986976624,0.5732650756835938,0.4360522925853729,-0.38243967294692993,0.9997807741165161,0.5589742064476013,0.32205209136009216,-0.1711929440498352,0.9999805092811584,0.4806063771247864,0.344536691904068,-0.42174071073532104,0.9999499917030334,0.567828357219696,0.4270669221878052,-0.010932201519608498,0.6041552424430847,0.43379417061805725,0.4986966848373413,-0.4596346914768219,0.9975905418395996,0.5880247950553894,0.5678611397743225,0.026744602248072624,0.8416898846626282,0.43959754705429077,0.6762102842330933,-0.5045866370201111,0.9976763725280762,0.6130364537239075,0.578582227230072,0.024138886481523514,0.844482958316803,0.45933493971824646,0.7057898044586182,-0.5695016980171204,0.9954763650894165,0.6104453206062317,0.5853362679481506,-0.017861194908618927,0.8579725623130798,0.47107183933258057,0.6951104998588562,-0.5538150072097778,0.9958797097206116,0.5980644822120667,0.585634171962738,0.011664768680930138,0.8431891798973083,0.46572691202163696,0.6875350475311279,-0.5038290619850159,0.9880934953689575,0.3917892277240753,0.4222336709499359,0.0976686105132103,0.9999509453773499,0.34998834133148193,0.4200191795825958,-0.09778816998004913,0.999962329864502,0.3189206123352051,0.47162964940071106,0.3983165919780731,0.11616967618465424,0.2626201808452606,0.4871481955051422,0.13352560997009277,0.8501583933830261,0.2506179213523865,0.49868497252464294,0.7010895609855652,0.28667229413986206,0.17727285623550415,0.4985294044017792,0.40862777829170227,0.9499436616897583,0.23892153799533844,0.4861494302749634,0.728752076625824,0.4220222532749176,0.15811607241630554,0.48197993636131287,0.43542149662971497,0.8534865379333496,0.24711400270462036,0.5444923639297485,0.6873849034309387,0.6040277481079102,0.16940203309059143,0.5784980058670044,0.3648150861263275,0.9315527677536011,1
0.593496561050415,0.4658859372138977,-0.34741640090942383,0.9996992349624634,0.601571798324585,0.45122286677360535,-0.3424559533596039,0.9996098875999451,0.6015843152999878,0.448177307844162,-0.34293898940086365,0.9996734261512756,0.6016664505004883,0.44455474615097046,-0.34291887283325195,0.9997864365577698,0.6000767946243286,0.44861263036727905,-0.37748152017593384,0.9997584819793701,0.5986949801445007,0.4437246024608612,-0.37784454226493835,0.999838650226593,0.5968618988990784,0.4380486309528351,-0.37806713581085205,0.9998604655265808,0.591762125492096,0.410907506942749,-0.27270933985710144,0.9998781085014343,0.5840927362442017,0.40568894147872925,-0.4301852583885193,0.9996994733810425,0.5796241760253906,0.4534757435321808,-0.31013190746307373,0.9997868537902832,0.5770532488822937,0.4512059986591339,-0.35849565267562866,0.9997805953025818,0.5612989068031311,0.34141573309898376,-0.1522776484489441,0.9999816417694092,0.4890633523464203,0.3536619246006012,-0.39771801233291626,0.9999511241912842,0.5676272511482239,0.43991509079933167,0.017479082569479942,0.6012144088745117,0.42993247509002686,0.49733638763427734,-0.4374847710132599,0.9975409507751465,0.5882647037506104,0.5679153800010681,0.06026182696223259,0.8507179021835327,0.4389589726924896,0.6768525838851929,-0.4862143099308014,0.9975947141647339,0.6133220791816711,0.5785549879074097,0.05810418352484703,0.8518469929695129,0.4587768018245697,0.7065432071685791,-0.5488492250442505,0.995315670967102,0.6110857725143433,0.5853585600852966,0.017425058409571648,0.8652793765068054,0.4710346460342407,0.6951620578765869,-0.5330914258956909,0.995734691619873,0.5991801023483276,0.5857015252113342,0.04560370743274689,0.8503917455673218,0.46561726927757263,0.6876183152198792,-0.4851168692111969,0.9876182079315186,0.3908076584339142,0.4304894804954529,0.09740784019231796,0.9999496340751648,0.3504790961742401,0.4281248152256012,-0.09750588983297348,0.999961256980896,0.3178804814815521,0.47384968400001526,0.3974860906600952,0.11108855158090591,0.26275429129600525,0.4892154932022095,0.129882350564003,0.8492887020111084,0.2502478063106537,0.49701520800590515,0.6926599740982056,0.2792094051837921,0.176815927028656,0.4985050857067108,0.3957473039627075,0.9500550627708435,0.22388067841529846,0.4753957688808441,0.7195273041725159,0.41404515504837036,0.15810059010982513,0.48138660192489624,0.4219042956829071,0.8540312051773071,0.24073149263858795,0.5428560972213745,0.6823335886001587,0.5946167707443237,0.16738326847553253,0.5795862078666687,0.35433149337768555,0.9319000840187073,1
0.5949057936668396,0.48808175325393677,-0.34092551469802856,0.9997110962867737,0.6026726961135864,0.4715890884399414,-0.3357211649417877,0.9996267557144165,0.6025532484054565,0.46742454171180725,-0.3361945152282715,0.9996874928474426,0.6025584936141968,0.46324071288108826,-0.33616793155670166,0.9997963905334473,0.6013904213905334,0.46997880935668945,-0.3696881830692291,0.9997685551643372,0.5999822020530701,0.4650563895702362,-0.370053768157959,0.9998446702957153,0.5981044769287109,0.4594878554344177,-0.3702573776245117,0.9998659491539001,0.5922791361808777,0.4312838315963745,-0.26585713028907776,0.9998840689659119,0.5843802690505981,0.42634937167167664,-0.4180324673652649,0.9997115731239319,0.5813523530960083,0.47610506415367126,-0.30369842052459717,0.9997975826263428,0.5790501236915588,0.4745478928089142,-0.35054099559783936,0.9997897148132324,0.5626152157783508,0.35565319657325745,-0.14861440658569336,0.9999827146530151,0.4917876422405243,0.3783732056617737,-0.3789610266685486,0.9999529123306274,0.5675486326217651,0.43980541825294495,0.029710037633776665,0.5822044610977173,0.42604511976242065,0.49782317876815796,-0.41051536798477173,0.9975050091743469,0.5869185924530029,0.5664324164390564,0.08287633955478668,0.8535077571868896,0.4378119111061096,0.6772316098213196,-0.4538179934024811,0.9975002408027649,0.6119415163993835,0.5772961378097534,0.08051721751689911,0.8536526560783386,0.4569200277328491,0.7076236605644226,-0.5135253667831421,0.995158851146698,0.6100667119026184,0.5842549204826355,0.0390964075922966,0.8675992488861084,0.47001296281814575,0.6958317756652832,-0.5007899403572083,0.9955899715423584,0.5978883504867554,0.5842244625091553,0.06813656538724899,0.852001428604126,0.4644443094730377,0.6878081560134888,-0.4536002576351166,0.9871195554733276,0.3856024444103241,0.43727555871009827,0.0959092229604721,0.9999488592147827,0.3499642312526703,0.44092699885368347,-0.09599333256483078,0.9999608993530273,0.30755653977394104,0.47497332096099854,0.38618114590644836,0.10612110793590546,0.26214104890823364,0.4933272898197174,0.1285775750875473,0.8453795909881592,0.2321302741765976,0.4968377649784088,0.6682720184326172,0.26870694756507874,0.1766742318868637,0.4987625181674957,0.38753578066825867,0.9474350810050964,0.2137792706489563,0.47610050439834595,0.6937236189842224,0.40423285961151123,0.15811623632907867,0.4814746379852295,0.4130208194255829,0.8509649634361267,0.23660874366760254,0.5477420091629028,0.6586769819259644,0.579769492149353,0.1732134371995926,0.579683244228363,0.3513914942741394,0.9291238188743591,1
0.5986619591712952,0.5133708119392395,-0.33857911825180054,0.9997124671936035,0.6064771413803101,0.4964788258075714,-0.334140419960022,0.9996297955513,0.6060664653778076,0.4915864169597626,-0.33459609746932983,0.999690055847168,0.6057294011116028,0.48675334453582764,-0.33456239104270935,0.9997984170913696,0.6054005026817322,0.49491843581199646,-0.36795666813850403,0.9997713565826416,0.6037882566452026,0.4885263442993164,-0.3683244585990906,0.9998460412025452,0.6017000675201416,0.481621116399765,-0.3685346841812134,0.9998680353164673,0.5952836871147156,0.4539312422275543,-0.2668147385120392,0.9998865127563477,0.5872478485107422,0.4470601975917816,-0.4189540445804596,0.9997197985649109,0.5840449929237366,0.49975523352622986,-0.3022582232952118,0.9998043775558472,0.5818415284156799,0.49797385931015015,-0.34894245862960815,0.9997965097427368,0.5671314001083374,0.3701365292072296,-0.1503431797027588,0.999983549118042,0.4972810447216034,0.39294710755348206,-0.37800583243370056,0.9999552965164185,0.5646096467971802,0.43964436650276184,0.03121766820549965,0.555035412311554,0.4223354160785675,0.49784839153289795,-0.41249513626098633,0.9975160360336304,0.586893618106842,0.5672555565834045,0.09371791034936905,0.8511117696762085,0.43745529651641846,0.6797643303871155,-0.4601579010486603,0.9974857568740845,0.6119450330734253,0.5783326029777527,0.09240932017564774,0.8508062362670898,0.4557848274707794,0.7110219597816467,-0.5211198329925537,0.9951080679893494,0.6100830435752869,0.585339367389679,0.0511019267141819,0.8657214045524597,0.4697021543979645,0.6975811719894409,-0.5064665675163269,0.9955384135246277,0.5978121161460876,0.5849310159683228,0.07919151335954666,0.8490850329399109,0.4641493260860443,0.6888457536697388,-0.4594089090824127,0.9868412017822266,0.3869938850402832,0.4411005675792694,0.09554119408130646,0.9999471306800842,0.3509713113307953,0.44875943660736084,-0.09561813622713089,0.9999609589576721,0.31026002764701843,0.478566437959671,0.387642502784729,0.09979107230901718,0.2622511386871338,0.4955362379550934,0.12656834721565247,0.8472043871879578,0.25453680753707886,0.49248939752578735,0.6892443895339966,0.2554960250854492,0.17598877847194672,0.4987950623035431,0.38459575176239014,0.947627067565918,0.21991032361984253,0.4679511487483978,0.7178074717521667,0.39025449752807617,0.15802139043807983,0.48103880882263184,0.41064825654029846,0.8511136174201965,0.24299846589565277,0.5433827638626099,0.6928231716156006,0.560740053653717,0.1730155050754547,0.5799458026885986,0.35012540221214294,0.9293442964553833,1
0.5984043478965759,0.5308972001075745,-0.3423735201358795,0.9997178316116333,0.6069197058677673,0.5164466500282288,-0.3368576169013977,0.9996386766433716,0.6065595149993896,0.5111361145973206,-0.3373555839061737,0.9996955990791321,0.6062754392623901,0.5052124261856079,-0.3373255133628845,0.999802827835083,0.605880856513977,0.5157539248466492,-0.3725786507129669,0.9997785091400146,0.6043381094932556,0.5100574493408203,-0.37293630838394165,0.9998499155044556,0.6024200320243835,0.5033223032951355,-0.373138427734375,0.9998724460601807,0.5961109399795532,0.46825066208839417,-0.27441200613975525,0.9998891353607178,0.5883514285087585,0.46672266721725464,-0.4246290922164917,0.9997299909591675,0.5838406085968018,0.5151941180229187,-0.30298152565956116,0.999811053276062,0.5821388363838196,0.5143435001373291,-0.35308828949928284,0.9998036623001099,0.5694283246994019,0.38247498869895935,-0.1601077914237976,0.9999840259552002,0.5011382102966309,0.41653409600257874,-0.38674280047416687,0.9999569654464722,0.5645460486412048,0.4391944110393524,0.017190704122185707,0.5224936008453369,0.42006197571754456,0.49843287467956543,-0.42264920473098755,0.9974976181983948,0.5884199738502502,0.5675674080848694,0.07596131414175034,0.8407762050628662,0.43759700655937195,0.6812828183174133,-0.4644263982772827,0.9974478483200073,0.6133013963699341,0.5788021087646484,0.07289353758096695,0.8412465453147888,0.45594820380210876,0.7131577730178833,-0.5288764238357544,0.9950253963470459,0.6102545261383057,0.5857073664665222,0.03163470700383186,0.8576309680938721,0.4700627326965332,0.6978049278259277,-0.5144702196121216,0.995456337928772,0.5985115170478821,0.5851010084152222,0.061261892318725586,0.8394809365272522,0.46437495946884155,0.6888806819915771,-0.46409210562705994,0.9864484667778015,0.38830187916755676,0.4435631036758423,0.09494104981422424,0.9999451041221619,0.35198432207107544,0.45712414383888245,-0.09501637518405914,0.9999606013298035,0.3069421052932739,0.480427086353302,0.387655645608902,0.09391368180513382,0.262638121843338,0.5005907416343689,0.12733164429664612,0.8421014547348022,0.24043217301368713,0.4916098713874817,0.6854317784309387,0.24180752038955688,0.1761753112077713,0.4993383288383484,0.3829605281352997,0.9442658424377441,0.21767115592956543,0.4684670567512512,0.7129359841346741,0.37590932846069336,0.15833857655525208,0.4813508689403534,0.40837669372558594,0.8446584343910217,0.23760265111923218,0.5435858964920044,0.6884589791297913,0.5384414792060852,0.1743939071893692,0.5806782245635986,0.349325031042099,0.9251342415809631,1
0.601666271686554,0.5517484545707703,-0.35509660840034485,0.9997347593307495,0.6108548045158386,0.5360674858093262,-0.3507632315158844,0.9996627569198608,0.6105361580848694,0.530974268913269,-0.3512142300605774,0.9997142553329468,0.6099853515625,0.5241382718086243,-0.351166307926178,0.9998151659965515,0.6095772385597229,0.5368883013725281,-0.3835304379463196,0.9997940063476562,0.6079733371734619,0.5329885482788086,-0.3838982582092285,0.9998597502708435,0.6057106852531433,0.5271871089935303,-0.3841001093387604,0.9998814463615417,0.5981371402740479,0.4865478575229645,-0.28800520300865173,0.9998956322669983,0.5897188186645508,0.49039363861083984,-0.4305490553379059,0.9997485280036926,0.5869098901748657,0.5367432832717896,-0.3186023533344269,0.9998223185539246,0.5858562588691711,0.5370072722434998,-0.3641607463359833,0.9998160004615784,0.5719165802001953,0.3989766538143158,-0.1694009155035019,0.9999842643737793,0.5011676549911499,0.4397316873073578,-0.39107105135917664,0.9999591708183289,0.5598944425582886,0.43593019247055054,0.019592218101024628,0.481321781873703,0.41818666458129883,0.5006851553916931,-0.4244421720504761,0.9974414706230164,0.5884004831314087,0.5671342611312866,0.10092493146657944,0.8144658207893372,0.43706971406936646,0.6815833449363708,-0.4794310927391052,0.9972801208496094,0.6132596731185913,0.5787166357040405,0.10008314251899719,0.8186577558517456,0.4551965892314911,0.7136660814285278,-0.540294885635376,0.9946745038032532,0.6095753908157349,0.584830641746521,0.059256333857774734,0.8370994329452515,0.4692164659500122,0.6978428959846497,-0.5261547565460205,0.9951154589653015,0.5981363654136658,0.583774745464325,0.08685377985239029,0.8168889284133911,0.46330711245536804,0.6888567805290222,-0.4789994955062866,0.9853233098983765,0.3916971981525421,0.44627317786216736,0.09478645026683807,0.999944806098938,0.3537410497665405,0.4691705107688904,-0.09485960751771927,0.9999616742134094,0.3092079758644104,0.4809874892234802,0.3931407034397125,0.08713545650243759,0.26385363936424255,0.503855288028717,0.13762308657169342,0.8319435119628906,0.24668635427951813,0.4878692626953125,0.6977812647819519,0.22667457163333893,0.17668265104293823,0.49949443340301514,0.396374374628067,0.9402963519096375,0.23007705807685852,0.4692192077636719,0.7260416746139526,0.35932034254074097,0.15855318307876587,0.4827030897140503,0.4226848781108856,0.8364148736000061,0.24144895374774933,0.5414723753929138,0.7041774988174438,0.5131558179855347,0.17421025037765503,0.5830512642860413,0.3670654594898224,0.9200347065925598,1
0.6037772297859192,0.5732699036598206,-0.34980395436286926,0.9997380971908569,0.612886369228363,0.5581799745559692,-0.34744295477867126,0.999667227268219,0.6129881143569946,0.5531805753707886,-0.3478895127773285,0.9997161626815796,0.6129255890846252,0.5470149517059326,-0.34784451127052307,0.9998147487640381,0.6113700866699219,0.5594466924667358,-0.378301739692688,0.9998002052307129,0.6099355816841125,0.5561011433601379,-0.37866348028182983,0.9998640418052673,0.6078466176986694,0.5512599945068359,-0.3788570165634155,0.9998857975006104,0.6008260846138,0.5094670057296753,-0.28827840089797974,0.9998959302902222,0.5918958783149719,0.5158846974372864,-0.4271637201309204,0.9997597336769104,0.5889111757278442,0.5598254203796387,-0.3164462447166443,0.9998226761817932,0.5881816148757935,0.5603058934211731,-0.3591434061527252,0.9998201727867126,0.5728062987327576,0.41715773940086365,-0.17689408361911774,0.9999837875366211,0.50221848487854,0.45762234926223755,-0.38175925612449646,0.9999608397483826,0.5591652393341064,0.4349784255027771,0.014454921707510948,0.4382154047489166,0.4189707338809967,0.5015816688537598,-0.4211256802082062,0.9970208406448364,0.5879942774772644,0.5499944090843201,0.09271359443664551,0.7748851776123047,0.43722718954086304,0.6832815408706665,-0.4727790951728821,0.9972145557403564,0.6108109951019287,0.564342737197876,0.09150166064500809,0.7935841679573059,0.45527714490890503,0.7155436873435974,-0.5311844944953918,0.9947147965431213,0.606552243232727,0.5675827860832214,0.05381718650460243,0.8147188425064087,0.4694795310497284,0.6983094811439514,-0.5166564583778381,0.9951379299163818,0.5953889489173889,0.563567578792572,0.08007240295410156,0.7935759425163269,0.46387121081352234,0.688847005367279,-0.47213107347488403,0.9854570031166077,0.3945178985595703,0.45269861817359924,0.08937619626522064,0.9999428987503052,0.3548056483268738,0.47946664690971375,-0.08949259668588638,0.9999619722366333,0.3092561960220337,0.48646268248558044,0.3802781105041504,0.0804663747549057,0.26417967677116394,0.509082555770874,0.14323680102825165,0.8113640546798706,0.23745372891426086,0.48971349000930786,0.6621884703636169,0.2129732072353363,0.1768181324005127,0.49932798743247986,0.3829866945743561,0.9348316192626953,0.21649807691574097,0.46748796105384827,0.6880368590354919,0.3448368310928345,0.1587454229593277,0.48271211981773376,0.4066601097583771,0.8284875154495239,0.23885850608348846,0.5456631779670715,0.6688537001609802,0.4907001554965973,0.1741635650396347,0.5830058455467224,0.35482969880104065,0.9130826592445374,1
0.6051694750785828,0.5882155895233154,-0.2879180312156677,0.9997147917747498,0.6153352856636047,0.5777941942214966,-0.2861301302909851,0.9996493458747864,0.6158807277679443,0.5744581818580627,-0.28655388951301575,0.9996883273124695,0.6162964105606079,0.5707843899726868,-0.28649187088012695,0.9997968673706055,0.6130815148353577,0.5769021511077881,-0.31685158610343933,0.9997953772544861,0.6116369366645813,0.5726689100265503,-0.3172323405742645,0.9998587369918823,0.6097472906112671,0.5679713487625122,-0.3174399137496948,0.9998856782913208,0.6041800379753113,0.5346404314041138,-0.23742665350437164,0.9998843669891357,0.5959711074829102,0.5377166271209717,-0.37479332089424133,0.999759316444397,0.5913923978805542,0.577454686164856,-0.25852468609809875,0.9998070597648621,0.5906335711479187,0.5763562321662903,-0.3008924722671509,0.9998133182525635,0.5724830031394958,0.43136510252952576,-0.13767704367637634,0.9999791383743286,0.5096207857131958,0.47471103072166443,-0.34550783038139343,0.9999618530273438,0.5385510921478271,0.4260726273059845,0.06424053758382797,0.3964560329914093,0.4192425608634949,0.5009875893592834,-0.3965001106262207,0.9970398545265198,0.5552926659584045,0.5402079820632935,0.18418572843074799,0.7088893055915833,0.4372422993183136,0.683207631111145,-0.4476546049118042,0.9970852732658386,0.5722022652626038,0.5382715463638306,0.18995246291160583,0.7314043045043945,0.45390236377716064,0.7155783176422119,-0.5021482110023499,0.9944188594818115,0.5735747814178467,0.547907292842865,0.15476390719413757,0.7520958781242371,0.46910420060157776,0.6979596018791199,-0.48643726110458374,0.9948126673698425,0.5617535710334778,0.5511611104011536,0.1733797937631607,0.731592059135437,0.46387943625450134,0.6878898739814758,-0.4457492232322693,0.9843916893005371,0.3943762183189392,0.4584788382053375,0.08714167028665543,0.9999410510063171,0.35467588901519775,0.4900781810283661,-0.0872473493218422,0.9999628663063049,0.30730780959129333,0.488665372133255,0.3652830719947815,0.07703851908445358,0.2643042504787445,0.5130009651184082,0.14093884825706482,0.8070735931396484,0.22672900557518005,0.48903486132621765,0.6333135366439819,0.2066550850868225,0.17701004445552826,0.49928560853004456,0.36444413661956787,0.9322949647903442,0.20543846487998962,0.46785277128219604,0.6575196981430054,0.3370042145252228,0.15897290408611298,0.48273757100105286,0.3871643841266632,0.8224123120307922,0.23050889372825623,0.54569011926651,0.6398680806159973,0.4748663604259491,0.17347007989883423,0.5829717516899109,0.33816102147102356,0.9085726737976074,1
0.6069158911705017,0.6023088097572327,-0.29183295369148254,0.9997130632400513,0.6172338128089905,0.5890454053878784,-0.2891046702861786,0.9996522665023804,0.6178575158119202,0.5852175951004028,-0.28953269124031067,0.9996844530105591,0.6184455752372742,0.5810438394546509,-0.28947916626930237,0.9997954368591309,0.6143035888671875,0.5901485681533813,-0.3205379545688629,0.9998002648353577,0.6126285791397095,0.5870910882949829,-0.3209114372730255,0.9998606443405151,0.6105149984359741,0.5831988453865051,-0.32110345363616943,0.9998893737792969,0.6071320176124573,0.5497196316719055,-0.23584860563278198,0.9998822212219238,0.597544252872467,0.5536878108978271,-0.3763275444507599,0.9997653365135193,0.5933576226234436,0.5914380550384521,-0.2608722746372223,0.9998045563697815,0.5922592282295227,0.5914599895477295,-0.30414003133773804,0.9998151659965515,0.5743322968482971,0.44665396213531494,-0.13021771609783173,0.9999768733978271,0.5144833326339722,0.48976999521255493,-0.34690654277801514,0.9999626874923706,0.5406604409217834,0.44216638803482056,0.07382407039403915,0.36046528816223145,0.4246530830860138,0.4995574951171875,-0.4012090563774109,0.997024655342102,0.5640121698379517,0.5537005662918091,0.1915847212076187,0.6641479730606079,0.4372802972793579,0.6833012700080872,-0.4566429853439331,0.9969819188117981,0.5823377966880798,0.5512729287147522,0.1974080204963684,0.6920620203018188,0.4536890983581543,0.7155709862709045,-0.5127142667770386,0.9942045211791992,0.5835115313529968,0.5599453449249268,0.16150720417499542,0.7135181427001953,0.4687844216823578,0.6980206966400146,-0.49819841980934143,0.9945738315582275,0.5714704394340515,0.559776782989502,0.18023160099983215,0.6924376487731934,0.4638870358467102,0.6879884600639343,-0.4554833173751831,0.9836130738258362,0.3982367515563965,0.46952205896377563,0.08743913471698761,0.9999400973320007,0.3568313419818878,0.5016230940818787,-0.08753811568021774,0.9999634623527527,0.3067896068096161,0.4947366714477539,0.3581008315086365,0.07357770204544067,0.26452842354774475,0.5166838765144348,0.12786132097244263,0.8003904223442078,0.22485065460205078,0.4899735152721405,0.6230694055557251,0.19966360926628113,0.17697648704051971,0.49931657314300537,0.3469254672527313,0.9288548231124878,0.2010003626346588,0.46827706694602966,0.6466814875602722,0.32841259241104126,0.1589345484972,0.48275938630104065,0.3689593970775604,0.8139203190803528,0.2167225480079651,0.533275306224823,0.6263964176177979,0.46078768372535706,0.1721438318490982,0.5829495191574097,0.317096084356308,0.9037612080574036,1
0.6067643761634827,0.614147961139679,-0.2830210328102112,0.9997069239616394,0.6172166466712952,0.603232741355896,-0.280618280172348,0.9996514320373535,0.6179695129394531,0.5999374985694885,-0.28105059266090393,0.9996776580810547,0.6188110113143921,0.5963550806045532,-0.2809947729110718,0.9997908473014832,0.614154040813446,0.6028555035591125,-0.3121180534362793,0.9998023509979248,0.6123851537704468,0.5993385314941406,-0.31249433755874634,0.999860942363739,0.6103143095970154,0.5953593850135803,-0.31268784403800964,0.9998916387557983,0.6074451804161072,0.5652931928634644,-0.22757472097873688,0.9998788237571716,0.5977537631988525,0.5656566619873047,-0.3683919906616211,0.9997705221176147,0.5938540101051331,0.6052466630935669,-0.2519436776638031,0.9997973442077637,0.5924208164215088,0.60440593957901,-0.295242577791214,0.9998137950897217,0.5770193338394165,0.45711463689804077,-0.12314343452453613,0.9999735355377197,0.5167568922042847,0.5024915933609009,-0.3390190899372101,0.9999628663063049,0.5347605347633362,0.4473905861377716,0.08131234347820282,0.3270815312862396,0.4275607466697693,0.4977947771549225,-0.3821459114551544,0.9970186352729797,0.5607587695121765,0.5574893951416016,0.20234178006649017,0.616622805595398,0.43729254603385925,0.6832891702651978,-0.4118298590183258,0.9968345761299133,0.5780640244483948,0.5519511699676514,0.20990467071533203,0.6492876410484314,0.453653484582901,0.7160612344741821,-0.4597044289112091,0.9938693642616272,0.5777437686920166,0.5638980269432068,0.17582954466342926,0.6707746982574463,0.46774256229400635,0.6985080242156982,-0.44558587670326233,0.9942149519920349,0.5664079189300537,0.5650909543037415,0.19194994866847992,0.6496979594230652,0.46339306235313416,0.6882281303405762,-0.4096255898475647,0.982683002948761,0.4003535807132721,0.4841143488883972,0.08657106757164001,0.9999391436576843,0.35915520787239075,0.5135285258293152,-0.08668115735054016,0.9999640583992004,0.30659589171409607,0.5064070224761963,0.3457261323928833,0.07569130510091782,0.264475017786026,0.5235594511032104,0.12000039964914322,0.8025378584861755,0.21971522271633148,0.4921291172504425,0.5998880863189697,0.20515090227127075,0.17707793414592743,0.4993157982826233,0.3346906006336212,0.928615927696228,0.20050139725208282,0.47028911113739014,0.6229275465011597,0.33380991220474243,0.15926416218280792,0.4827546775341034,0.35672280192375183,0.8119530081748962,0.2176109254360199,0.5519630908966064,0.6059239506721497,0.46212753653526306,0.170709028840065,0.5829318165779114,0.3095859885215759,0.9026957154273987,1
0.6061806082725525,0.6225268244743347,-0.2471141815185547,0.9996420741081238,0.6166254878044128,0.6125630140304565,-0.2447017878293991,0.9995768666267395,0.6174092888832092,0.6083996295928955,-0.2451307624578476,0.9995956420898438,0.6182718276977539,0.604276180267334,-0.24510641396045685,0.9997374415397644,0.613569974899292,0.6142018437385559,-0.27605682611465454,0.9997715950012207,0.6118771433830261,0.6119202375411987,-0.2764338552951813,0.9998390674591064,0.6099702715873718,0.6094784140586853,-0.2766507565975189,0.999879002571106,0.6081001162528992,0.5748071074485779,-0.19905219972133636,0.9998537302017212,0.5985372066497803,0.5838603973388672,-0.34033599495887756,0.9997473955154419,0.5938386917114258,0.6127945780754089,-0.21987415850162506,0.9997721314430237,0.5923060774803162,0.6142287850379944,-0.2632400393486023,0.9997997879981995,0.5772060751914978,0.46385422348976135,-0.10639176517724991,0.9999693036079407,0.517661452293396,0.5124041438102722,-0.32364359498023987,0.9999629259109497,0.5415883660316467,0.45497387647628784,0.099882572889328,0.2988813519477844,0.4302941560745239,0.49443697929382324,-0.3953784704208374,0.99708491563797,0.5614598393440247,0.5718548893928528,0.22899945080280304,0.5831695795059204,0.4375227093696594,0.683214545249939,-0.4873577654361725,0.9968600869178772,0.5840951204299927,0.5708308815956116,0.2367832511663437,0.6201255321502686,0.4537167251110077,0.7163159847259521,-0.5438292622566223,0.9939335584640503,0.582050085067749,0.5813098549842834,0.20144276320934296,0.6421313285827637,0.46752679347991943,0.698657751083374,-0.527790367603302,0.9942485690116882,0.5707593560218811,0.5798724293708801,0.21811002492904663,0.6203442811965942,0.4632048010826111,0.6881710886955261,-0.48592430353164673,0.9827142357826233,0.3995896577835083,0.4964468479156494,0.08615322411060333,0.9999373555183411,0.3590507507324219,0.5264992117881775,-0.08625570684671402,0.9999642372131348,0.3051457107067108,0.5171573162078857,0.3424032926559448,0.0790727511048317,0.2645108997821808,0.5328116416931152,0.12147336453199387,0.8062902092933655,0.2185826599597931,0.4922858476638794,0.6076284050941467,0.21424022316932678,0.17790116369724274,0.49983108043670654,0.34577831625938416,0.930021345615387,0.20110949873924255,0.47156378626823425,0.6312021017074585,0.3409816324710846,0.16019544005393982,0.48287346959114075,0.3681677281856537,0.8120115995407104,0.21641841530799866,0.5604835748672485,0.6047029495239258,0.46619266271591187,0.1702681928873062,0.5830129384994507,0.31260770559310913,0.9031755924224854,1
0.6074045896530151,0.6372841000556946,-0.24483291804790497,0.999587893486023,0.6176902651786804,0.6266197562217712,-0.24200895428657532,0.9994944334030151,0.6184101104736328,0.6225959658622742,-0.24244199693202972,0.9995154142379761,0.619203507900238,0.6185706853866577,-0.24240027368068695,0.9996737837791443,0.6146402955055237,0.627952516078949,-0.2726239562034607,0.9997384548187256,0.6130174994468689,0.6256470084190369,-0.27299007773399353,0.999818742275238,0.6113029718399048,0.6232359409332275,-0.27318722009658813,0.9998660087585449,0.6082910895347595,0.5892453193664551,-0.1954939216375351,0.9998202323913574,0.5990516543388367,0.5968226790428162,-0.33231401443481445,0.9997299313545227,0.5950855016708374,0.6292958855628967,-0.21708975732326508,0.9997169971466064,0.5934932231903076,0.6302358508110046,-0.259131520986557,0.9997679591178894,0.5774351358413696,0.47133147716522217,-0.10254672169685364,0.999962568283081,0.5159498453140259,0.5231974720954895,-0.3095877468585968,0.9999620914459229,0.5604842305183411,0.45371213555336,0.09766754508018494,0.27018991112709045,0.4302701950073242,0.49454623460769653,-0.3372485935688019,0.9967546463012695,0.5631542205810547,0.5765400528907776,0.22472500801086426,0.5366542935371399,0.43753138184547424,0.685317873954773,-0.34070083498954773,0.9967691898345947,0.5872068405151367,0.5827311873435974,0.23331043124198914,0.581938624382019,0.45457878708839417,0.7175958752632141,-0.3829289674758911,0.9939219951629639,0.583821713924408,0.5910022854804993,0.20171497762203217,0.6042044758796692,0.4675489664077759,0.6991020441055298,-0.36901479959487915,0.9942063093185425,0.573654294013977,0.5884681344032288,0.21545414626598358,0.5836381316184998,0.46319472789764404,0.6890959143638611,-0.33778226375579834,0.9829124212265015,0.39916589856147766,0.5007532835006714,0.08411582559347153,0.9999325275421143,0.35782381892204285,0.5319425463676453,-0.08428389579057693,0.999963104724884,0.3046157658100128,0.514821469783783,0.34047606587409973,0.07426616549491882,0.26398903131484985,0.5365370512008667,0.12229277193546295,0.7844225168228149,0.22156432271003723,0.4920608103275299,0.5926174521446228,0.20492099225521088,0.1778995245695114,0.4999779164791107,0.34520894289016724,0.920295238494873,0.20218446850776672,0.47158119082450867,0.6160078048706055,0.33263909816741943,0.1610921025276184,0.4823929965496063,0.3676490783691406,0.7983710169792175,0.21799401938915253,0.5601081252098083,0.6061590313911438,0.44744953513145447,0.1704607903957367,0.5829647779464722,0.31936800479888916,0.88853520154953,1
0.6082750558853149,0.6464146375656128,-0.26850607991218567,0.9995372295379639,0.61866694688797,0.6355131268501282,-0.2650063633918762,0.9994162917137146,0.6196215152740479,0.6316904425621033,-0.2654440701007843,0.9994378089904785,0.6206175684928894,0.6281741857528687,-0.265404611825943,0.9996150732040405,0.615095853805542,0.6366522908210754,-0.29634132981300354,0.9997058510780334,0.613500714302063,0.6338750123977661,-0.29671165347099304,0.9997975826263428,0.6118283867835999,0.630693793296814,-0.296908438205719,0.9998518228530884,0.6094488501548767,0.5990188717842102,-0.21283794939517975,0.9997875094413757,0.5996555089950562,0.6023556590080261,-0.3528226315975189,0.9997071623802185,0.5966945290565491,0.637710690498352,-0.23853445053100586,0.9996692538261414,0.5946658253669739,0.6383954882621765,-0.2816021740436554,0.9997398853302002,0.5783085227012634,0.48347562551498413,-0.11413200944662094,0.9999546408653259,0.5161898136138916,0.5263371467590332,-0.32557693123817444,0.9999592304229736,0.5641776323318481,0.4604274034500122,0.08069241791963577,0.24563492834568024,0.4316714406013489,0.4949388802051544,-0.35319995880126953,0.9963865876197815,0.5894537568092346,0.5951076745986938,0.19202740490436554,0.5087814331054688,0.4375394582748413,0.6852835416793823,-0.36674362421035767,0.9966424107551575,0.6153773069381714,0.6080284714698792,0.20075006783008575,0.5657228827476501,0.45381367206573486,0.7175875902175903,-0.41232046484947205,0.993854820728302,0.6042943596839905,0.6137484908103943,0.15892189741134644,0.5894180536270142,0.4671805799007416,0.6992144584655762,-0.4015327990055084,0.994125247001648,0.5932208299636841,0.6084460616111755,0.1797274500131607,0.5691602826118469,0.46290889382362366,0.6890993118286133,-0.3656904399394989,0.9829831123352051,0.3988129198551178,0.514658510684967,0.08450542390346527,0.9999251961708069,0.3581376075744629,0.5388069152832031,-0.08466357737779617,0.9999603033065796,0.3016742467880249,0.5199528932571411,0.33836689591407776,0.07021129876375198,0.26417893171310425,0.5425286889076233,0.12139353156089783,0.765064537525177,0.2197159230709076,0.4920065999031067,0.5828050971031189,0.19579504430294037,0.17764423787593842,0.5002140998840332,0.3277522623538971,0.9113534092903137,0.20192696154117584,0.4712750315666199,0.6051594018936157,0.32430991530418396,0.16107411682605743,0.4811764061450958,0.3484409749507904,0.7846027612686157,0.21474750339984894,0.5592239499092102,0.5907639861106873,0.4292356073856354,0.1698971837759018,0.5833646655082703,0.30152982473373413,0.8745523691177368,1
0.608837366104126,0.6523192524909973,-0.2645513713359833,0.9993233680725098,0.6193947196006775,0.6399734020233154,-0.26156240701675415,0.9991446137428284,0.6204186677932739,0.6363360285758972,-0.26199042797088623,0.9991152882575989,0.6214662790298462,0.6326128840446472,-0.261930912733078,0.9994078874588013,0.6154966950416565,0.6403704881668091,-0.29194608330726624,0.9995823502540588,0.61379474401474,0.6370689272880554,-0.2923333942890167,0.9997019171714783,0.6120321750640869,0.6332440376281738,-0.29252487421035767,0.999801516532898,0.6100181341171265,0.6021518707275391,-0.2113153636455536,0.9996342062950134,0.5995013117790222,0.6037822365760803,-0.3464862108230591,0.9996012449264526,0.5974172949790955,0.6420279145240784,-0.23516538739204407,0.9994698762893677,0.5950465798377991,0.6421254277229309,-0.2767869234085083,0.9996131658554077,0.5782052874565125,0.4863782525062561,-0.11660601943731308,0.999929666519165,0.5151110291481018,0.5324869155883789,-0.31760117411613464,0.9999527335166931,0.5633448362350464,0.45815280079841614,0.077155202627182,0.22204218804836273,0.4344979524612427,0.4955925941467285,-0.300195574760437,0.9961985349655151,0.5869844555854797,0.5923562049865723,0.17350849509239197,0.4621190130710602,0.43739455938339233,0.6858127117156982,-0.244695246219635,0.9960107207298279,0.600456178188324,0.6017306447029114,0.17854803800582886,0.5167557597160339,0.45384886860847473,0.7178711891174316,-0.2777773141860962,0.9924622178077698,0.6014986634254456,0.6113907098770142,0.14067240059375763,0.5387014150619507,0.4672074615955353,0.7003394961357117,-0.26901519298553467,0.9926992058753967,0.587883710861206,0.6073407530784607,0.16075457632541656,0.5203782916069031,0.46291378140449524,0.6900695562362671,-0.2423611432313919,0.9799004197120667,0.3975048363208771,0.5197806358337402,0.08231762051582336,0.9999232292175293,0.35658684372901917,0.5435308218002319,-0.08252417296171188,0.9999605417251587,0.299115389585495,0.5228955745697021,0.3396676182746887,0.06696853786706924,0.26418337225914,0.5441949963569641,0.13391616940498352,0.7479918003082275,0.21874159574508667,0.49594834446907043,0.5768162608146667,0.18920470774173737,0.17825113236904144,0.5028926134109497,0.3390580117702484,0.9016252756118774,0.20175622403621674,0.4737880527973175,0.5990158915519714,0.3193191885948181,0.1616167277097702,0.48143383860588074,0.3610777258872986,0.7715786099433899,0.21586839854717255,0.5662873983383179,0.5874584913253784,0.4123372733592987,0.16983447968959808,0.5885418057441711,0.308702677488327,0.8591088652610779,1
