x_0,y_0,z_0,vis_0,x_1,y_1,z_1,vis_1,x_2,y_2,z_2,vis_2,x_3,y_3,z_3,vis_3,x_4,y_4,z_4,vis_4,x_5,y_5,z_5,vis_5,x_6,y_6,z_6,vis_6,x_7,y_7,z_7,vis_7,x_8,y_8,z_8,vis_8,x_9,y_9,z_9,vis_9,x_10,y_10,z_10,vis_10,x_11,y_11,z_11,vis_11,x_12,y_12,z_12,vis_12,x_13,y_13,z_13,vis_13,x_14,y_14,z_14,vis_14,x_15,y_15,z_15,vis_15,x_16,y_16,z_16,vis_16,x_17,y_17,z_17,vis_17,x_18,y_18,z_18,vis_18,x_19,y_19,z_19,vis_19,x_20,y_20,z_20,vis_20,x_21,y_21,z_21,vis_21,x_22,y_22,z_22,vis_22,x_23,y_23,z_23,vis_23,x_24,y_24,z_24,vis_24,x_25,y_25,z_25,vis_25,x_26,y_26,z_26,vis_26,x_27,y_27,z_27,vis_27,x_28,y_28,z_28,vis_28,x_29,y_29,z_29,vis_29,x_30,y_30,z_30,vis_30,x_31,y_31,z_31,vis_31,x_32,y_32,z_32,vis_32,label
0.694166362285614,0.3375284969806671,-0.0969214141368866,0.9972828030586243,0.7078917622566223,0.32879164814949036,-0.1448056846857071,0.9971020221710205,0.7124696969985962,0.32893165946006775,-0.14529572427272797,0.9966449737548828,0.7168049812316895,0.3289720416069031,-0.14520907402038574,0.9978048205375671,0.7049797177314758,0.3282219469547272,-0.08434019237756729,0.9974782466888428,0.7072049975395203,0.32812562584877014,-0.08507949113845825,0.9973481893539429,0.7092503309249878,0.32789307832717896,-0.08541259169578552,0.998626708984375,0.7461782097816467,0.33401086926460266,-0.2706860303878784,0.9982844591140747,0.7384393811225891,0.3331228196620941,0.005871714558452368,0.9974733591079712,0.7024601101875305,0.34869322180747986,-0.1252027302980423,0.9937566518783569,0.6988422274589539,0.3483104705810547,-0.04925457015633583,0.9933958649635315,0.7418264746665955,0.3802330493927002,-0.3912728428840637,0.9996330738067627,0.7177836298942566,0.38823288679122925,0.19573760032653809,0.9988308548927307,0.5735540986061096,0.3375938832759857,-0.4493739604949951,0.7355958223342896,0.596286952495575,0.34864434599876404,0.31820398569107056,0.04092002660036087,0.5939093232154846,0.26778826117515564,-0.308192640542984,0.6135586500167847,0.6286998987197876,0.2853225767612457,0.22226765751838684,0.19216081500053406,0.5937514901161194,0.24640096724033356,-0.3527621030807495,0.646060049533844,0.6427245140075684,0.27091801166534424,0.2096094787120819,0.2592580020427704,0.6112194061279297,0.24363067746162415,-0.3360426723957062,0.6388540267944336,0.6553096771240234,0.26779165863990784,0.1840166300535202,0.2640557289123535,0.6144561171531677,0.25348731875419617,-0.2970605790615082,0.5330969095230103,0.6476960182189941,0.2720651626586914,0.2031451165676117,0.24003511667251587,0.5388894081115723,0.5582571029663086,-0.17589953541755676,0.9998584985733032,0.5363292098045349,0.5389371514320374,0.175601527094841,0.9998387098312378,0.35381460189819336,0.6470383405685425,-0.06270208209753036,0.38280463218688965,0.37016353011131287,0.5766040086746216,0.4290867745876312,0.04092779383063316,0.33919796347618103,0.7700293064117432,0.22078081965446472,0.4408470690250397,0.34370893239974976,0.5993852019309998,0.8009841442108154,0.07965227961540222,0.35830622911453247,0.7831134796142578,0.2499990016222,0.49725276231765747,0.3494455814361572,0.6064305305480957,0.8416773080825806,0.13386614620685577,0.2911589443683624,0.8009362816810608,0.19044502079486847,0.4886764883995056,0.31073522567749023,0.6107147336006165,0.8499534130096436,0.1289980709552765,0
0.0,0.0,0.0,0.0,0.0,0.0,0.0,0.0,0.0,0.0,0.0,0.0,0.0,0.0,0.0,0.0,0.0,0.0,0.0,0.0,0.0,0.0,0.0,0.0,0.0,0.0,0.0,0.0,0.0,0.0,0.0,0.0,0.0,0.0,0.0,0.0,0.0,0.0,0.0,0.0,0.0,0.0,0.0,0.0,0.0,0.0,0.0,0.0,0.0,0.0,0.0,0.0,0.0,0.0,0.0,0.0,0.0,0.0,0.0,0.0,0.0,0.0,0.0,0.0,0.0,0.0,0.0,0.0,0.0,0.0,0.0,0.0,0.0,0.0,0.0,0.0,0.0,0.0,0.0,0.0,0.0,0.0,0.0,0.0,0.0,0.0,0.0,0.0,0.0,0.0,0.0,0.0,0.0,0.0,0.0,0.0,0.0,0.0,0.0,0.0,0.0,0.0,0.0,0.0,0.0,0.0,0.0,0.0,0.0,0.0,0.0,0.0,0.0,0.0,0.0,0.0,0.0,0.0,0.0,0.0,0.0,0.0,0.0,0.0,0.0,0.0,0.0,0.0,0.0,0.0,0.0,0.0,0
0.6787930727005005,0.35635653138160706,-0.13230638206005096,0.9975372552871704,0.696004331111908,0.3485676646232605,-0.18255896866321564,0.9973734617233276,0.7000882625579834,0.34889110922813416,-0.18305356800556183,0.9969498515129089,0.7039704322814941,0.34917640686035156,-0.18289814889431,0.9980062246322632,0.693268895149231,0.3480280041694641,-0.11433917284011841,0.9977160096168518,0.6950691342353821,0.348062127828598,-0.11510254442691803,0.9975970387458801,0.6966124176979065,0.34796208143234253,-0.11534157395362854,0.9987564086914062,0.73262619972229,0.3540114164352417,-0.3091456890106201,0.9984340071678162,0.727185845375061,0.3532296419143677,-0.0007259596022777259,0.9976915121078491,0.6827894449234009,0.3670973777770996,-0.16373445093631744,0.9942758679389954,0.6793014407157898,0.3668222427368164,-0.07862570136785507,0.9939684867858887,0.7289375066757202,0.3938448429107666,-0.46032392978668213,0.9996604323387146,0.7069499492645264,0.40602752566337585,0.19343802332878113,0.9988871812820435,0.577732264995575,0.3438085913658142,-0.5093209147453308,0.7484152913093567,0.5920381546020508,0.35282278060913086,0.22933553159236908,0.041650038212537766,0.6023411154747009,0.26407772302627563,-0.3185393214225769,0.6282869577407837,0.6121119260787964,0.2773677706718445,0.06011176109313965,0.18078702688217163,0.5966573357582092,0.24681060016155243,-0.34984663128852844,0.6548307538032532,0.6230920553207397,0.25971901416778564,0.04374941065907478,0.243632510304451,0.613974928855896,0.24613076448440552,-0.3380618691444397,0.6466463208198547,0.6291196942329407,0.255897581577301,0.02037952095270157,0.24750617146492004,0.6174377202987671,0.2511134147644043,-0.3065713346004486,0.5413710474967957,0.6242860555648804,0.2607520520687103,0.039033904671669006,0.22536695003509521,0.5238985419273376,0.5751025676727295,-0.17819200456142426,0.9998709559440613,0.5167853236198425,0.5512242913246155,0.1778416931629181,0.9998501539230347,0.33103272318840027,0.6734806895256042,-0.10621175915002823,0.44044041633605957,0.4646313190460205,0.479490727186203,0.4142167568206787,0.04588596150279045,0.33311644196510315,0.7908408045768738,0.2519620656967163,0.4849696159362793,0.5386151671409607,0.33384233713150024,0.563197910785675,0.08419319987297058,0.3491140902042389,0.7978948354721069,0.2873874008655548,0.5324980020523071,0.5260902047157288,0.31974297761917114,0.5786213278770447,0.15363779664039612,0.29516398906707764,0.8333237767219543,0.20970961451530457,0.5270727276802063,0.612652063369751,0.27865999937057495,0.5808456540107727,0.15121425688266754,0
0.6737525463104248,0.35641780495643616,-0.046569257974624634,0.9974828362464905,0.6905081272125244,0.3486520051956177,-0.09736080467700958,0.9972087740898132,0.6946959495544434,0.34895527362823486,-0.09778251498937607,0.9967451691627502,0.6984844207763672,0.3492119610309601,-0.09772160649299622,0.9978457093238831,0.6892638206481934,0.3482629656791687,-0.03555041179060936,0.9976159334182739,0.6922987699508667,0.3484041094779968,-0.03631027042865753,0.9975183606147766,0.6949650645256042,0.3484158217906952,-0.03662516549229622,0.9987331032752991,0.727733314037323,0.3543870449066162,-0.23160864412784576,0.9982715249061584,0.7250522375106812,0.3544480502605438,0.04886775463819504,0.9976226687431335,0.6779024004936218,0.3671458065509796,-0.08026370406150818,0.9938190579414368,0.676372766494751,0.3671732544898987,-0.002939874306321144,0.9937142729759216,0.7186541557312012,0.39454472064971924,-0.3707098960876465,0.9996485710144043,0.706677258014679,0.40949130058288574,0.23168964684009552,0.998897135257721,0.5773146748542786,0.3432615101337433,-0.4805156886577606,0.7400574088096619,0.595781147480011,0.3568638265132904,0.29316988587379456,0.03955886885523796,0.5951324701309204,0.2637160122394562,-0.38804158568382263,0.6154990792274475,0.6139913201332092,0.2868475317955017,0.11843390017747879,0.16985704004764557,0.5920624732971191,0.24516355991363525,-0.44481873512268066,0.6441856026649475,0.6243143677711487,0.26383259892463684,0.09675106406211853,0.2295701801776886,0.6080016493797302,0.2442532628774643,-0.4174606502056122,0.6354654431343079,0.6292853355407715,0.25778770446777344,0.06751447170972824,0.23331980407238007,0.6095507740974426,0.2502554655075073,-0.37491363286972046,0.5268506407737732,0.6325702667236328,0.2687133252620697,0.09557148069143295,0.21273675560951233,0.5177688002586365,0.5782206654548645,-0.17925690114498138,0.9998688101768494,0.5132305026054382,0.5651525259017944,0.17890019714832306,0.9998501539230347,0.3258279860019684,0.6797208786010742,-0.09226831793785095,0.40403372049331665,0.35435599088668823,0.6401715278625488,0.3632413148880005,0.041514892131090164,0.3314224183559418,0.796764612197876,0.16387994587421417,0.4420062005519867,0.3232722580432892,0.6726711988449097,0.6625847816467285,0.07590339332818985,0.3491668701171875,0.8125724196434021,0.18857203423976898,0.49124887585639954,0.3289732038974762,0.6766302585601807,0.6984297037124634,0.13899870216846466,0.23226653039455414,0.8377031087875366,0.14273393154144287,0.482181578874588,0.2904564142227173,0.693236768245697,0.7014541625976562,0.13649779558181763,0
0.6630157828330994,0.3584352135658264,0.007393727079033852,0.9975786209106445,0.6787819862365723,0.35045138001441956,-0.04372827708721161,0.9972896575927734,0.6831927299499512,0.3506316840648651,-0.04414420202374458,0.9968342185020447,0.6871581077575684,0.3507586717605591,-0.0440841019153595,0.9979009628295898,0.6779792904853821,0.3501797020435333,0.01896878331899643,0.9977126121520996,0.6816303133964539,0.35031065344810486,0.018249904736876488,0.9976315498352051,0.6851000785827637,0.3503069281578064,0.01799018122255802,0.9987972974777222,0.7204445004463196,0.35700133442878723,-0.1804278939962387,0.9983062744140625,0.7169365286827087,0.3571167588233948,0.10359843075275421,0.997747540473938,0.6676033735275269,0.36939263343811035,-0.02730904147028923,0.9940807223320007,0.666863739490509,0.3697144091129303,0.05089903995394707,0.9940513968467712,0.7169114351272583,0.40162110328674316,-0.32494062185287476,0.999652087688446,0.6985752582550049,0.4151301085948944,0.2813648283481598,0.9989457726478577,0.5772631168365479,0.3440912663936615,-0.469916433095932,0.7534101605415344,0.5948566794395447,0.360530823469162,0.32594263553619385,0.039935220032930374,0.5889081358909607,0.26231011748313904,-0.43935635685920715,0.6340324282646179,0.6135098934173584,0.2887119948863983,0.12727442383766174,0.16871868073940277,0.5879012942314148,0.24295397102832794,-0.5052129030227661,0.6614139676094055,0.6242842078208923,0.26494571566581726,0.10103067010641098,0.22901566326618195,0.6022958755493164,0.24135035276412964,-0.4724876582622528,0.6530043482780457,0.629172146320343,0.2583891749382019,0.07061569392681122,0.23334640264511108,0.6029044985771179,0.24808041751384735,-0.4252251088619232,0.541437029838562,0.6336346864700317,0.2717064321041107,0.10308407992124557,0.21164238452911377,0.5139695405960083,0.5840347409248352,-0.17969098687171936,0.9998639822006226,0.5030298233032227,0.5727759003639221,0.1793646365404129,0.9998518228530884,0.32414284348487854,0.6922423243522644,-0.11899641901254654,0.3682386577129364,0.3434692323207855,0.6722372174263,0.2540959417819977,0.03771989420056343,0.33064907789230347,0.8147180080413818,0.10918503999710083,0.40252983570098877,0.33089038729667664,0.7975531220436096,0.4518437087535858,0.06872083246707916,0.3491722047328949,0.8298897743225098,0.1312827169895172,0.4584939777851105,0.3451344072818756,0.8086109161376953,0.4712749719619751,0.12711142003536224,0.23689548671245575,0.8602877855300903,0.06262796372175217,0.44346365332603455,0.3091726303100586,0.8377450704574585,0.3885154724121094,0.12411154061555862,0
0.6519573330879211,0.3615778386592865,-0.03582770377397537,0.9976242184638977,0.6692134737968445,0.3532503545284271,-0.08551348000764847,0.9973269104957581,0.6738896369934082,0.3534552752971649,-0.08593476563692093,0.9968631863594055,0.6780911684036255,0.35360774397850037,-0.0858667641878128,0.9979058504104614,0.6684212684631348,0.35282036662101746,-0.023379722610116005,0.997778594493866,0.6722463965415955,0.35287484526634216,-0.02412724308669567,0.9977121353149414,0.6759942173957825,0.3528067171573639,-0.024405166506767273,0.9988425374031067,0.7125141024589539,0.36078953742980957,-0.20788441598415375,0.9982753992080688,0.7089142799377441,0.36040493845939636,0.07182389497756958,0.9978254437446594,0.6560600399971008,0.37278273701667786,-0.06519535928964615,0.9940766096115112,0.6551947593688965,0.37285947799682617,0.011786588467657566,0.994168221950531,0.711188793182373,0.40821605920791626,-0.34195420145988464,0.999626636505127,0.6935333013534546,0.4195106327533722,0.25775107741355896,0.9989398121833801,0.5761820077896118,0.34445199370384216,-0.47641101479530334,0.7631670236587524,0.594977855682373,0.36232906579971313,0.2978227734565735,0.03961827978491783,0.5810615420341492,0.2606634497642517,-0.471233069896698,0.6443995237350464,0.6134291887283325,0.2895643711090088,0.0757472813129425,0.16457900404930115,0.5816181302070618,0.24140504002571106,-0.5355137586593628,0.6715220212936401,0.6246204376220703,0.26547864079475403,0.04101432487368584,0.22494661808013916,0.5951002240180969,0.23985756933689117,-0.5067014694213867,0.6636883616447449,0.6291623711585999,0.2587697505950928,0.008376237004995346,0.22930756211280823,0.595140278339386,0.24649523198604584,-0.45906689763069153,0.5487812161445618,0.6338790059089661,0.2730221152305603,0.048876456916332245,0.20733848214149475,0.5029683113098145,0.5941818952560425,-0.1802797168493271,0.9998651742935181,0.4962835907936096,0.5849788188934326,0.17999082803726196,0.9998581409454346,0.32171526551246643,0.708856463432312,-0.12040051817893982,0.33792468905448914,0.33986735343933105,0.6959797739982605,0.26646289229393005,0.03461597487330437,0.33054277300834656,0.8465143442153931,0.03972098231315613,0.3723895251750946,0.33141079545021057,0.8316832184791565,0.3580334186553955,0.06305024027824402,0.35049641132354736,0.8617202043533325,0.05211636424064636,0.436957985162735,0.3534635603427887,0.8485007882118225,0.36353880167007446,0.1185547336935997,0.2247350811958313,0.8979236483573914,-0.04556794837117195,0.416708379983902,0.26952725648880005,0.8852955102920532,0.250062495470047,0.11468228697776794,0
0.6440859436988831,0.36483561992645264,-0.036546625196933746,0.9977189302444458,0.6633161902427673,0.3563924729824066,-0.08855664730072021,0.9974345564842224,0.668040931224823,0.35684123635292053,-0.08898575603961945,0.9969850182533264,0.6723156571388245,0.35728707909584045,-0.08892867714166641,0.9979730844497681,0.6626200675964355,0.35578542947769165,-0.024589983746409416,0.9978883266448975,0.6665191054344177,0.355923056602478,-0.025347188115119934,0.997839093208313,0.6704198718070984,0.35598188638687134,-0.02561749704182148,0.998906135559082,0.7040038108825684,0.3656615912914276,-0.21970434486865997,0.9983108639717102,0.7013618350028992,0.364766001701355,0.06844209879636765,0.9979401230812073,0.6468421220779419,0.37666893005371094,-0.06900491565465927,0.9942353963851929,0.6459144353866577,0.376369446516037,0.010417395271360874,0.9944247603416443,0.6970153450965881,0.4147835075855255,-0.36055636405944824,0.9996036887168884,0.6903547644615173,0.422555148601532,0.25964537262916565,0.9989496469497681,0.5703714489936829,0.34446775913238525,-0.49670344591140747,0.7716752290725708,0.5955160856246948,0.36208704113960266,0.29471608996391296,0.03902322053909302,0.5732809901237488,0.2597337067127228,-0.48681238293647766,0.6572815179824829,0.6099334955215454,0.28896623849868774,0.01684247888624668,0.1610955446958542,0.5779971480369568,0.24079740047454834,-0.553026020526886,0.6851028800010681,0.6201784610748291,0.26526302099227905,-0.017839347943663597,0.22277425229549408,0.5919433832168579,0.2398286908864975,-0.525136411190033,0.6778492331504822,0.6241405010223389,0.25923952460289,-0.05337802320718765,0.22716215252876282,0.5907756686210632,0.24630968272686005,-0.4753130376338959,0.5610116720199585,0.62295001745224,0.27279049158096313,-0.012192174792289734,0.20523099601268768,0.5002143383026123,0.5989865064620972,-0.18547670543193817,0.9998682737350464,0.49322643876075745,0.5903812050819397,0.18522293865680695,0.9998654127120972,0.32131221890449524,0.7165967226028442,-0.1215534433722496,0.31211403012275696,0.34048670530319214,0.701636016368866,0.2604215741157532,0.032185591757297516,0.33085063099861145,0.8540380001068115,0.048177383840084076,0.34829196333885193,0.3371814489364624,0.8368723392486572,0.3356536626815796,0.058808211237192154,0.351296603679657,0.867832362651825,0.06092330068349838,0.4222579300403595,0.35730037093162537,0.8552960753440857,0.33894768357276917,0.11342283338308334,0.2755111753940582,0.9015647172927856,-0.043794963508844376,0.3966894745826721,0.31741687655448914,0.8866716623306274,0.2150283306837082,0.10809443145990372,0
0.6332067251205444,0.36724600195884705,-0.03834183141589165,0.9977396130561829,0.6546570658683777,0.35834962129592896,-0.09129080921411514,0.9974786639213562,0.6593459248542786,0.35892099142074585,-0.09171929210424423,0.9970244765281677,0.6637110710144043,0.35960298776626587,-0.09168577939271927,0.9979845285415649,0.6540871858596802,0.3575936257839203,-0.0267256461083889,0.9979409575462341,0.6580062508583069,0.35772156715393066,-0.02750152349472046,0.99790358543396,0.6619879603385925,0.3578014373779297,-0.027792733162641525,0.9989383816719055,0.6940134167671204,0.36921456456184387,-0.22403280436992645,0.9983162879943848,0.6916695833206177,0.36772674322128296,0.06753126531839371,0.9980109930038452,0.6355794072151184,0.3802025318145752,-0.07074613124132156,0.9941763281822205,0.6342263221740723,0.37951037287712097,0.009497484192252159,0.994472324848175,0.682787299156189,0.42346248030662537,-0.366886168718338,0.9995461106300354,0.6831379532814026,0.4265339970588684,0.2569442689418793,0.9989131093025208,0.5658186078071594,0.3446592688560486,-0.5235646367073059,0.7753115892410278,0.596869707107544,0.36178889870643616,0.26133599877357483,0.037977878004312515,0.5658242702484131,0.2595759630203247,-0.513111412525177,0.6627583503723145,0.6084702610969543,0.2881987988948822,-0.009749125689268112,0.15700216591358185,0.5752488374710083,0.2405395805835724,-0.5794509649276733,0.6926962733268738,0.6202321648597717,0.26377877593040466,-0.04318052902817726,0.22025682032108307,0.5880153179168701,0.2400156408548355,-0.5529733300209045,0.6860544681549072,0.6233559846878052,0.2589133381843567,-0.07702504098415375,0.22462056577205658,0.5853104591369629,0.2463866025209427,-0.5024459362030029,0.5662885904312134,0.618930459022522,0.2696380615234375,-0.03798986226320267,0.20274023711681366,0.49064746499061584,0.6064044833183289,-0.19195514917373657,0.9998707175254822,0.4852789342403412,0.5994225740432739,0.1916796863079071,0.999871551990509,0.3215639591217041,0.7328599691390991,-0.14863267540931702,0.2903611958026886,0.3439425230026245,0.7228620648384094,0.25977981090545654,0.030287370085716248,0.3381231427192688,0.8811256289482117,-0.03786270692944527,0.33231493830680847,0.34599998593330383,0.865950882434845,0.3231561779975891,0.05593516677618027,0.36039820313453674,0.8979495167732239,-0.032103948295116425,0.4166314899921417,0.3677661120891571,0.8851607441902161,0.3259705901145935,0.11339058727025986,0.2652706205844879,0.9357811212539673,-0.14600488543510437,0.385447233915329,0.2935895323753357,0.9186652898788452,0.21690738201141357,0.10404617339372635,0
0.6280466914176941,0.37010928988456726,-0.032117050141096115,0.9978770613670349,0.6493856310844421,0.36241379380226135,-0.08365777134895325,0.9976404309272766,0.6539689302444458,0.36314570903778076,-0.08408123254776001,0.99721360206604,0.6581100225448608,0.3639466464519501,-0.08406000584363937,0.9981042742729187,0.6488951444625854,0.36179354786872864,-0.021451478824019432,0.9980792999267578,0.6529175639152527,0.36218562722206116,-0.022231288254261017,0.9980486631393433,0.6570524573326111,0.3625310957431793,-0.022495027631521225,0.9990094900131226,0.6854281425476074,0.3746965527534485,-0.21192359924316406,0.998415470123291,0.6844990253448486,0.37311750650405884,0.06935358792543411,0.9981493949890137,0.6296019554138184,0.3838539719581604,-0.0625738874077797,0.9944599866867065,0.6285943388938904,0.3832123279571533,0.014443883672356606,0.9947826266288757,0.6661425232887268,0.4269360601902008,-0.3604187071323395,0.999549150466919,0.6747161149978638,0.43066322803497314,0.2634958028793335,0.9989399909973145,0.5617921948432922,0.3442765772342682,-0.5355185270309448,0.7828421592712402,0.5968130230903625,0.3614058792591095,0.2501488924026489,0.03688185662031174,0.5669388771057129,0.25084659457206726,-0.5488649606704712,0.6804975271224976,0.6062723994255066,0.2875492572784424,-0.014819118194282055,0.1568567454814911,0.5764834880828857,0.23484671115875244,-0.621339738368988,0.7100911140441895,0.6183184385299683,0.26329922676086426,-0.04841909557580948,0.22281204164028168,0.5886164307594299,0.23560833930969238,-0.5923479199409485,0.703960657119751,0.6193143725395203,0.25890010595321655,-0.0816907212138176,0.22691887617111206,0.5858669877052307,0.24235111474990845,-0.538396954536438,0.5848826169967651,0.6137902736663818,0.2680976688861847,-0.042852357029914856,0.20382989943027496,0.48407435417175293,0.6063641309738159,-0.19923035800457,0.9998753070831299,0.48593178391456604,0.603985071182251,0.19893676042556763,0.9998782873153687,0.3247772455215454,0.7388207912445068,-0.15896078944206238,0.26890093088150024,0.351326584815979,0.7318118214607239,0.24197497963905334,0.02824665606021881,0.3412291705608368,0.8840200901031494,-0.05090051516890526,0.311843603849411,0.3507419228553772,0.8709482550621033,0.2919008433818817,0.052538540214300156,0.3655581474304199,0.8992148041725159,-0.045180004090070724,0.4059281647205353,0.37606215476989746,0.8906673789024353,0.29383450746536255,0.11243639886379242,0.30491724610328674,0.9267624616622925,-0.14579476416110992,0.3690095543861389,0.2843565344810486,0.9211812615394592,0.19682878255844116,0.09931834042072296,0
0.6171719431877136,0.37356653809547424,-0.020156294107437134,0.9978087544441223,0.6404677629470825,0.3658999800682068,-0.07103781402111053,0.9976407885551453,0.6450754404067993,0.3666737675666809,-0.07147552818059921,0.9971926808357239,0.6492090225219727,0.36747175455093384,-0.0714646726846695,0.9980895519256592,0.6400954723358154,0.3654165267944336,-0.008822274394333363,0.9980860948562622,0.6443718671798706,0.36594653129577637,-0.009618443436920643,0.9980509877204895,0.6487730145454407,0.36640664935112,-0.009903174825012684,0.9990084767341614,0.675346851348877,0.3786095678806305,-0.19683542847633362,0.9984084367752075,0.6751179695129395,0.37731125950813293,0.08463142067193985,0.9981511831283569,0.6191856861114502,0.38702255487442017,-0.04958784580230713,0.994276225566864,0.6182398200035095,0.3867124915122986,0.027433527633547783,0.9946454763412476,0.6577785611152649,0.42888039350509644,-0.3530401289463043,0.9995244145393372,0.6615626811981201,0.43243250250816345,0.27426695823669434,0.9988487958908081,0.561598539352417,0.3411387801170349,-0.5434288382530212,0.7795534133911133,0.5904319882392883,0.3607271611690521,0.24776338040828705,0.03439021110534668,0.5692766308784485,0.2472865879535675,-0.5712651014328003,0.6791304349899292,0.598052442073822,0.28209155797958374,-0.02066018059849739,0.1463717371225357,0.581968367099762,0.23000606894493103,-0.6463030576705933,0.7113231420516968,0.6120347380638123,0.2600470781326294,-0.058118775486946106,0.21013528108596802,0.589207649230957,0.2313142716884613,-0.6191545724868774,0.7060016989707947,0.6120178699493408,0.2568495571613312,-0.09239830076694489,0.21402870118618011,0.5872834324836731,0.23797021806240082,-0.5619758367538452,0.5832932591438293,0.6074501276016235,0.26300328969955444,-0.05002298578619957,0.19214732944965363,0.4797791540622711,0.6093963980674744,-0.2007581740617752,0.9998806118965149,0.47672075033187866,0.6073088645935059,0.2004515528678894,0.9998845458030701,0.33026042580604553,0.7474263906478882,-0.16079720854759216,0.24706418812274933,0.35352906584739685,0.7393741607666016,0.23599135875701904,0.026374071836471558,0.3532118797302246,0.8957344889640808,-0.051711324602365494,0.2908878028392792,0.3599879741668701,0.8788315653800964,0.2982999384403229,0.04913008585572243,0.3784065544605255,0.9097214341163635,-0.046659182757139206,0.38751301169395447,0.3853502869606018,0.8959835767745972,0.30172884464263916,0.10966476052999496,0.3305036723613739,0.9389291405677795,-0.16956019401550293,0.34876400232315063,0.33425959944725037,0.9276567697525024,0.19595801830291748,0.0936998799443245,0
0.6063743233680725,0.3767402768135071,-0.020692236721515656,0.9972705245018005,0.6304067373275757,0.368636816740036,-0.07218944281339645,0.9972460269927979,0.6354246735572815,0.369412362575531,-0.07264071702957153,0.996688723564148,0.6400849223136902,0.37015077471733093,-0.07261893898248672,0.9977411031723022,0.6296665668487549,0.3681079149246216,-0.008957634679973125,0.9978080987930298,0.6340672969818115,0.36856627464294434,-0.009766527451574802,0.9977728724479675,0.6387349367141724,0.36891064047813416,-0.010088223032653332,0.998874843120575,0.6658648252487183,0.3806092441082001,-0.20292358100414276,0.9981172680854797,0.6649404168128967,0.3792894184589386,0.08360612392425537,0.997936487197876,0.6101585626602173,0.3898845314979553,-0.05225425586104393,0.9930649995803833,0.6084639430046082,0.3895195424556732,0.026218989863991737,0.99375981092453,0.6491684913635254,0.43175026774406433,-0.35959574580192566,0.9994535446166992,0.6552948951721191,0.43445178866386414,0.2683106064796448,0.9987325668334961,0.5570102334022522,0.3411868214607239,-0.5422873497009277,0.7636108994483948,0.591533899307251,0.3599846363067627,0.23587651550769806,0.03213776648044586,0.5713139176368713,0.2495434582233429,-0.5410409569740295,0.6631410717964172,0.5998762845993042,0.2806597352027893,-0.041383881121873856,0.13879092037677765,0.5827804803848267,0.23052571713924408,-0.6089087724685669,0.7001461386680603,0.6134829521179199,0.25827282667160034,-0.08405788987874985,0.20186488330364227,0.5903782844543457,0.23155935108661652,-0.5896432995796204,0.6958627104759216,0.6125732064247131,0.25538989901542664,-0.11491065472364426,0.20579050481319427,0.5889045000076294,0.23833414912223816,-0.533623218536377,0.568769097328186,0.6088714599609375,0.2612896263599396,-0.0700870156288147,0.18419578671455383,0.47693634033203125,0.6117884516716003,-0.20398306846618652,0.9998771548271179,0.4693676233291626,0.6046851277351379,0.20368245244026184,0.999884307384491,0.3361548185348511,0.7532742619514465,-0.15708760917186737,0.2255605161190033,0.3527676463127136,0.7424958348274231,0.2311396300792694,0.024264218285679817,0.3555210828781128,0.9011287093162537,-0.07147032767534256,0.2695840299129486,0.36196187138557434,0.8789458274841309,0.28703856468200684,0.04537838697433472,0.38144150376319885,0.9187367558479309,-0.07077057659626007,0.3647555112838745,0.389634370803833,0.8973995447158813,0.2892870306968689,0.10471799224615097,0.32069411873817444,0.9418222904205322,-0.20885783433914185,0.3270159959793091,0.33263638615608215,0.9243781566619873,0.18153385818004608,0.08739857375621796,0
0.5980246663093567,0.37875986099243164,-0.027522752061486244,0.9971891641616821,0.6217764616012573,0.37102267146110535,-0.07881154865026474,0.9972353577613831,0.6267291307449341,0.371873140335083,-0.0792602151632309,0.9966806769371033,0.631320059299469,0.3726157248020172,-0.0792415663599968,0.9977297186851501,0.6211755871772766,0.3703964650630951,-0.016475556418299675,0.9977915287017822,0.6255192756652832,0.37085047364234924,-0.017283275723457336,0.9977516531944275,0.6301169991493225,0.37117525935173035,-0.017589062452316284,0.9988530278205872,0.6564356684684753,0.3827745020389557,-0.2082272469997406,0.9981344938278198,0.6550672650337219,0.38128799200057983,0.07970156520605087,0.997917890548706,0.601998507976532,0.3913785517215729,-0.058410461992025375,0.9929176568984985,0.6007117629051208,0.39087972044944763,0.018809620290994644,0.9936158657073975,0.6406800746917725,0.43262362480163574,-0.3624991178512573,0.9994612336158752,0.6465968489646912,0.43521979451179504,0.2638155519962311,0.9986974596977234,0.5535194873809814,0.34048992395401,-0.5680826306343079,0.7652052640914917,0.5857169032096863,0.35699647665023804,0.21049103140830994,0.029898101463913918,0.5794816017150879,0.24968275427818298,-0.61354660987854,0.6712612509727478,0.6004652976989746,0.27606555819511414,-0.05385374277830124,0.13073231279850006,0.5909377932548523,0.2307492047548294,-0.6897103786468506,0.7090559601783752,0.6138880252838135,0.25561076402664185,-0.09503276646137238,0.19239580631256104,0.6010800004005432,0.23172226548194885,-0.6681325435638428,0.7052950859069824,0.6131507754325867,0.25359323620796204,-0.12404779344797134,0.1958979070186615,0.5984806418418884,0.2384721040725708,-0.607218325138092,0.5770047903060913,0.6093316078186035,0.25905972719192505,-0.08160343021154404,0.17510093748569489,0.4700164794921875,0.6125211715698242,-0.2025677114725113,0.9998816251754761,0.4699196517467499,0.6087540984153748,0.20226573944091797,0.9998885989189148,0.34399932622909546,0.7534894943237305,-0.1533549576997757,0.20922888815402985,0.3565218448638916,0.7480643391609192,0.23933374881744385,0.022661764174699783,0.3544708788394928,0.9007479548454285,-0.10983997583389282,0.2575465738773346,0.3661651015281677,0.8825682401657104,0.28835031390190125,0.042735256254673004,0.3785024881362915,0.9197692275047302,-0.11422593891620636,0.35659849643707275,0.3936976492404938,0.9022059440612793,0.2896606922149658,0.10366936028003693,0.3129606544971466,0.9466688632965088,-0.2564062774181366,0.3173427879810333,0.3327115774154663,0.9298602938652039,0.18778754770755768,0.08334801346063614,0
0.5872974395751953,0.38044339418411255,-0.02258811891078949,0.9972411394119263,0.6092090010643005,0.3726814389228821,-0.07579197734594345,0.9973282814025879,0.6136664748191833,0.37348344922065735,-0.07624117285013199,0.9967972636222839,0.6178597211837769,0.3741306960582733,-0.07622312009334564,0.9978029727935791,0.6099260449409485,0.3720455467700958,-0.013311514630913734,0.9978540539741516,0.6145650744438171,0.37246301770210266,-0.01414781529456377,0.997817873954773,0.6194220185279846,0.3727392852306366,-0.014439797960221767,0.9988764524459839,0.642913281917572,0.383209764957428,-0.210340216755867,0.9982109665870667,0.6442493796348572,0.38218334317207336,0.07582033425569534,0.9979674816131592,0.5918903350830078,0.3924468457698822,-0.05498166009783745,0.9929895997047424,0.5917573571205139,0.3921789526939392,0.022397788241505623,0.9936742186546326,0.6316894292831421,0.4324664771556854,-0.36174118518829346,0.9994705319404602,0.6450285315513611,0.43602925539016724,0.26104840636253357,0.9986875653266907,0.5376125574111938,0.34042081236839294,-0.5588279366493225,0.769758403301239,0.5858705639839172,0.35516008734703064,0.21438348293304443,0.02819114923477173,0.5760230422019958,0.2503449320793152,-0.5759416818618774,0.6836559772491455,0.6006522178649902,0.27479416131973267,-0.04819955676794052,0.1250811219215393,0.5885545611381531,0.23153048753738403,-0.647900402545929,0.7208685874938965,0.6141701340675354,0.25368160009384155,-0.0867524966597557,0.18653641641139984,0.6003967523574829,0.2323504537343979,-0.6254717111587524,0.7174501419067383,0.6142436861991882,0.2519339919090271,-0.11616391688585281,0.18966610729694366,0.5967894196510315,0.239066943526268,-0.5684599280357361,0.5899008512496948,0.6097714304924011,0.2577158808708191,-0.07593940198421478,0.1696206033229828,0.46311312913894653,0.6148059368133545,-0.2016017585992813,0.9998852610588074,0.46978482604026794,0.6137064695358276,0.20129527151584625,0.9998921751976013,0.34535491466522217,0.7577556371688843,-0.14688009023666382,0.19951260089874268,0.36509281396865845,0.7501225471496582,0.25364455580711365,0.021808726713061333,0.34716010093688965,0.9023352265357971,-0.08817261457443237,0.25509825348854065,0.3715113699436188,0.8823672533035278,0.32299140095710754,0.041478194296360016,0.3730415403842926,0.91886305809021,-0.09107077121734619,0.3578154146671295,0.3954242169857025,0.899495542049408,0.3267415463924408,0.10510905086994171,0.3097512722015381,0.9529958367347717,-0.2245953530073166,0.3178844749927521,0.33606138825416565,0.9319918751716614,0.23404331505298615,0.08187578618526459,0
0.5844489336013794,0.37922486662864685,-0.018013399094343185,0.9973393082618713,0.6056410074234009,0.3718249797821045,-0.07094492763280869,0.9974560141563416,0.6098551750183105,0.372650682926178,-0.07137394696474075,0.9969540238380432,0.6137489080429077,0.37331056594848633,-0.07134471833705902,0.9979033470153809,0.6063217520713806,0.3712857663631439,-0.009060732088983059,0.997954785823822,0.6107456684112549,0.37178683280944824,-0.009908954612910748,0.9979210495948792,0.6153019070625305,0.37214475870132446,-0.010196210816502571,0.998923122882843,0.6378709673881531,0.3826919198036194,-0.2053699791431427,0.9983087182044983,0.6390334367752075,0.3818162977695465,0.07692506164312363,0.998065173625946,0.5882364511489868,0.391218364238739,-0.049791354686021805,0.9932282567024231,0.5878171324729919,0.39111876487731934,0.02682921476662159,0.9938854575157166,0.6262316107749939,0.43176522850990295,-0.3607955873012543,0.9994857311248779,0.6400995850563049,0.4361051023006439,0.2654053866863251,0.9986857175827026,0.53706955909729,0.33794721961021423,-0.5665961503982544,0.7755599021911621,0.5843263864517212,0.3540826439857483,0.2179180383682251,0.02655770629644394,0.5736762881278992,0.24888598918914795,-0.6051958799362183,0.6954829096794128,0.6012893319129944,0.27432164549827576,-0.03309628367424011,0.1201886385679245,0.5879276394844055,0.2310127466917038,-0.6810960173606873,0.7320012450218201,0.614416241645813,0.25387442111968994,-0.06912275403738022,0.18184120953083038,0.5997142791748047,0.23154649138450623,-0.6599388718605042,0.7289626002311707,0.6162598729133606,0.25190815329551697,-0.09831155091524124,0.1844598799943924,0.5956125259399414,0.23808392882347107,-0.5985844135284424,0.6024214029312134,0.6101153492927551,0.25752463936805725,-0.06027103215456009,0.16487014293670654,0.46108555793762207,0.6173252463340759,-0.20401927828788757,0.9998891949653625,0.4699745178222656,0.6164715886116028,0.20370851457118988,0.9998956322669983,0.3475518822669983,0.761314332485199,-0.144281268119812,0.19329775869846344,0.37554192543029785,0.7539399862289429,0.2554689645767212,0.021299391984939575,0.3453371822834015,0.910487711429596,-0.09880705922842026,0.25873002409935,0.3745652437210083,0.888076901435852,0.3376345932483673,0.04092807695269585,0.37274032831192017,0.9301182627677917,-0.10398554056882858,0.3629453778266907,0.39657971262931824,0.9083219170570374,0.34195271134376526,0.10900528728961945,0.29915109276771545,0.9590176939964294,-0.25149092078208923,0.3256213665008545,0.3044891357421875,0.9317000508308411,0.25149020552635193,0.08217700570821762,0
0.5855905413627625,0.37828412652015686,0.0017321858322247863,0.9974601864814758,0.6058253049850464,0.3709369897842407,-0.05181063339114189,0.9975906014442444,0.609795868396759,0.37179064750671387,-0.05222311243414879,0.9971181154251099,0.6133680939674377,0.37245187163352966,-0.0521731935441494,0.9980130195617676,0.6072111129760742,0.37036654353141785,0.008968434296548367,0.9980664849281311,0.6118578910827637,0.37088873982429504,0.00812798272818327,0.9980344176292419,0.6164896488189697,0.37125828862190247,0.007855179719626904,0.9989779591560364,0.6371203660964966,0.38206106424331665,-0.19300924241542816,0.9984032511711121,0.6388477087020874,0.38124585151672363,0.08374501019716263,0.9981688261032104,0.5895900726318359,0.39030274748802185,-0.03269166499376297,0.9935681223869324,0.5903220176696777,0.39020949602127075,0.042421985417604446,0.9942044615745544,0.6257714033126831,0.4309196174144745,-0.3592226803302765,0.9995102882385254,0.6378881931304932,0.4351121485233307,0.2691909670829773,0.9987121224403381,0.5376384854316711,0.3379870057106018,-0.5616434812545776,0.7823871374130249,0.5845836997032166,0.3521660268306732,0.22039568424224854,0.02515563555061817,0.5740404725074768,0.24918515980243683,-0.5859248638153076,0.7063783407211304,0.6077815294265747,0.2744271457195282,-0.028665486723184586,0.11437379568815231,0.5881050229072571,0.23146095871925354,-0.6570359468460083,0.7412775158882141,0.6199092864990234,0.25371095538139343,-0.06795436888933182,0.17446531355381012,0.6010220050811768,0.2318774312734604,-0.6401386260986328,0.7385922074317932,0.6254734396934509,0.2519263029098511,-0.09363830089569092,0.1766727715730667,0.5968315005302429,0.23824799060821533,-0.5799707770347595,0.6125937700271606,0.6191326379776001,0.2576785683631897,-0.055037982761859894,0.15786316990852356,0.46192067861557007,0.6172170639038086,-0.20523639023303986,0.9998913407325745,0.4709904193878174,0.6164171099662781,0.20495179295539856,0.9998977184295654,0.3522990047931671,0.760601282119751,-0.1304708570241928,0.18490839004516602,0.38087859749794006,0.7529655694961548,0.26082631945610046,0.020407356321811676,0.34546366333961487,0.9114944338798523,-0.08416402339935303,0.2544343173503876,0.37501606345176697,0.8892887234687805,0.3319949209690094,0.03920425847172737,0.3734069764614105,0.9313909411430359,-0.0893818661570549,0.3575696647167206,0.4059228301048279,0.9078920483589172,0.334245502948761,0.10795945674180984,0.28221672773361206,0.9606713056564331,-0.24649062752723694,0.32412272691726685,0.3227379322052002,0.9301146268844604,0.23131634294986725,0.07985002547502518,0
0.5819357633590698,0.37807497382164,0.006995561067014933,0.997597873210907,0.6009315848350525,0.37047842144966125,-0.04750746861100197,0.9977320432662964,0.605312168598175,0.3713381290435791,-0.04790543392300606,0.9972927570343018,0.6092453598976135,0.37195712327957153,-0.0478387326002121,0.9981263875961304,0.6022604703903198,0.3698541522026062,0.012713995762169361,0.9981843829154968,0.6073116064071655,0.37035828828811646,0.0118677644059062,0.9981563687324524,0.6123506426811218,0.37067559361457825,0.011592213064432144,0.9990377426147461,0.6360921263694763,0.38125187158584595,-0.1912539303302765,0.9985001683235168,0.6372168064117432,0.38042452931404114,0.08327183872461319,0.9982870817184448,0.5893860459327698,0.3901250958442688,-0.027806006371974945,0.9939041137695312,0.5902519226074219,0.39014390110969543,0.04660545662045479,0.9945328235626221,0.6291699409484863,0.4301157295703888,-0.3540678918361664,0.999534010887146,0.6399057507514954,0.43445733189582825,0.26701050996780396,0.9987481832504272,0.5347208976745605,0.33772799372673035,-0.5599663853645325,0.7878544926643372,0.5833528637886047,0.35064563155174255,0.2228848785161972,0.024022649973630905,0.5744035840034485,0.24840734899044037,-0.5918004512786865,0.7184242010116577,0.6093873381614685,0.2744939625263214,-0.025815127417445183,0.11007893085479736,0.5889045000076294,0.22986339032649994,-0.6629094481468201,0.7525890469551086,0.6231177449226379,0.253899484872818,-0.06245649605989456,0.1695181429386139,0.6035929322242737,0.23136770725250244,-0.6478814482688904,0.750273585319519,0.6308500170707703,0.25204843282699585,-0.09293633699417114,0.17136913537979126,0.5995518565177917,0.2380845546722412,-0.5870398879051208,0.6262179613113403,0.6243071556091309,0.25772416591644287,-0.054570455104112625,0.15297463536262512,0.4628889262676239,0.6167115569114685,-0.20464426279067993,0.9998928904533386,0.4717226028442383,0.6162325143814087,0.2043585628271103,0.9998993873596191,0.35250353813171387,0.7603597640991211,-0.12841427326202393,0.18264904618263245,0.3915526866912842,0.753605306148529,0.2641087472438812,0.019848104566335678,0.34752196073532104,0.9144096374511719,-0.09453503787517548,0.25954487919807434,0.39163827896118164,0.8887702226638794,0.33317965269088745,0.03806478902697563,0.3822841942310333,0.9329926371574402,-0.10055664926767349,0.36410439014434814,0.4214668273925781,0.9074100255966187,0.33545398712158203,0.10842631012201309,0.28038540482521057,0.9594627022743225,-0.25222691893577576,0.3340615928173065,0.32951095700263977,0.930206298828125,0.23657424747943878,0.0789867416024208,0
0.5823782086372375,0.377721905708313,0.0008424981497228146,0.997665524482727,0.6012296676635742,0.370071142911911,-0.053335875272750854,0.9978116750717163,0.6053621172904968,0.3709211051464081,-0.053739577531814575,0.9973905086517334,0.6089776158332825,0.37155431509017944,-0.05366842821240425,0.9981829524040222,0.6027752161026001,0.3694744110107422,0.00714099733158946,0.9982538819313049,0.6077994108200073,0.3700169622898102,0.0062949093990027905,0.9982312321662903,0.6127126216888428,0.3704254925251007,0.006010494194924831,0.9990733861923218,0.6365171074867249,0.38081175088882446,-0.19489414989948273,0.9985472559928894,0.6385291814804077,0.3799002170562744,0.08181675523519516,0.9983662962913513,0.5901017785072327,0.3897230327129364,-0.03318477049469948,0.9940011501312256,0.590864896774292,0.38974717259407043,0.04151424020528793,0.9946742653846741,0.6331169605255127,0.4285076856613159,-0.3550356328487396,0.9995412230491638,0.6417660713195801,0.4333561360836029,0.26457929611206055,0.998762309551239,0.5335233211517334,0.3374183177947998,-0.5631839036941528,0.7864294052124023,0.5916705131530762,0.3488921523094177,0.22442226111888885,0.02294163778424263,0.5746986269950867,0.2480134218931198,-0.5937033295631409,0.72275310754776,0.6202247738838196,0.2723909020423889,-0.021668802946805954,0.10672875493764877,0.5882874131202698,0.2289927750825882,-0.6640943884849548,0.758267879486084,0.6323152184486389,0.25217294692993164,-0.05902304872870445,0.16601240634918213,0.603560209274292,0.23092399537563324,-0.6465753316879272,0.7562938928604126,0.6393329501152039,0.249989315867424,-0.08098960667848587,0.16755858063697815,0.5996014475822449,0.23816312849521637,-0.5881760716438293,0.6325503587722778,0.633305549621582,0.25574159622192383,-0.04650547727942467,0.1495015174150467,0.46402600407600403,0.6181225776672363,-0.20497196912765503,0.9998955130577087,0.4752824604511261,0.617973268032074,0.20467738807201385,0.9999028444290161,0.35149282217025757,0.7597842216491699,-0.12484574317932129,0.17915204167366028,0.39150866866111755,0.7541990280151367,0.2666621208190918,0.019378814846277237,0.357901930809021,0.9064368605613708,-0.08003509789705276,0.2606358826160431,0.4092981815338135,0.8832718729972839,0.33766716718673706,0.037288736552000046,0.3997228741645813,0.9232534170150757,-0.0825561061501503,0.37013131380081177,0.43977090716362,0.8978055715560913,0.3406245708465576,0.11004383116960526,0.2825072109699249,0.9546903371810913,-0.17984972894191742,0.33957067131996155,0.3385966420173645,0.930424153804779,0.24941293895244598,0.07850777357816696,0
0.5809797644615173,0.3774774372577667,-0.007615071255713701,0.9974223375320435,0.5987117886543274,0.3698315918445587,-0.06253433227539062,0.9976256489753723,0.6032165884971619,0.37050649523735046,-0.06296005100011826,0.9971829652786255,0.6073580980300903,0.3709811270236969,-0.06287524104118347,0.9980303645133972,0.6003673076629639,0.3690813481807709,-0.0024516277480870485,0.9980798363685608,0.6056076288223267,0.36928150057792664,-0.0033439425751566887,0.9980618357658386,0.6107486486434937,0.3693196475505829,-0.0036819931119680405,0.9989745616912842,0.6380732655525208,0.3778558373451233,-0.20518290996551514,0.9984214305877686,0.6394445300102234,0.37692564725875854,0.0704578384757042,0.9982056021690369,0.5905283093452454,0.3894416391849518,-0.04181285202503204,0.9931483268737793,0.5909647345542908,0.3894558250904083,0.03259513899683952,0.9939578175544739,0.6394726634025574,0.42626404762268066,-0.35609328746795654,0.9995217323303223,0.6437332630157471,0.42930057644844055,0.2535478174686432,0.9986711144447327,0.5348992347717285,0.33688876032829285,-0.5609529614448547,0.7846227884292603,0.5915908217430115,0.34730833768844604,0.2255626916885376,0.021653154864907265,0.5749329924583435,0.24810132384300232,-0.581680953502655,0.7232628464698792,0.6194676756858826,0.2714042067527771,-0.0011552805081009865,0.09989968687295914,0.5883666276931763,0.22797168791294098,-0.6509636044502258,0.7595479488372803,0.6315872073173523,0.25148892402648926,-0.03268022462725639,0.15631821751594543,0.6040902733802795,0.2300402820110321,-0.6323526501655579,0.7579221725463867,0.6383547782897949,0.24923358857631683,-0.05349760875105858,0.15766003727912903,0.6006482839584351,0.23795075714588165,-0.5751280188560486,0.6335337162017822,0.6326983571052551,0.25509563088417053,-0.024041447788476944,0.1410309374332428,0.4738647937774658,0.6175379157066345,-0.2048601657152176,0.9998986124992371,0.4860621988773346,0.6173093914985657,0.2045898139476776,0.9999058842658997,0.3511278033256531,0.7569578289985657,-0.12028378993272781,0.17480815947055817,0.39298215508461,0.747580885887146,0.3182477653026581,0.018787536770105362,0.3663584291934967,0.9023966789245605,-0.04576341062784195,0.26342976093292236,0.4244807958602905,0.8694120049476624,0.38702014088630676,0.03734641522169113,0.40908434987068176,0.9136842489242554,-0.042713653296232224,0.3758707046508789,0.4519767761230469,0.8839846253395081,0.39089855551719666,0.11188481003046036,0.30023908615112305,0.9501549601554871,-0.1275710165500641,0.3445577323436737,0.3573075234889984,0.9262143969535828,0.31702277064323425,0.07853171229362488,0
0.5919938087463379,0.3759208917617798,-0.029991360381245613,0.9973098635673523,0.6089410185813904,0.36691364645957947,-0.08498766273260117,0.9975184202194214,0.6140671968460083,0.367515504360199,-0.08541086316108704,0.9970810413360596,0.6188092827796936,0.36800339818000793,-0.08530021458864212,0.9979344010353088,0.6091456413269043,0.36602503061294556,-0.024030564352869987,0.9979848265647888,0.6138870120048523,0.3661186695098877,-0.02493084967136383,0.9979805946350098,0.6184871196746826,0.3661250174045563,-0.02528330497443676,0.9989189505577087,0.6478860974311829,0.3745260536670685,-0.22064675390720367,0.9983328580856323,0.6456441879272461,0.37354719638824463,0.056970011442899704,0.9981245994567871,0.6020829677581787,0.38864386081695557,-0.06082494184374809,0.9924928545951843,0.6014221906661987,0.3887985646724701,0.014491386711597443,0.9934123158454895,0.6534937620162964,0.42282021045684814,-0.3614574372768402,0.999487578868866,0.6559354662895203,0.4277087450027466,0.2446751594543457,0.9984819293022156,0.5379177927970886,0.33708226680755615,-0.572414219379425,0.7837685346603394,0.5931189656257629,0.3474390506744385,0.22610312700271606,0.020506709814071655,0.576106607913971,0.24764803051948547,-0.6029765009880066,0.7261797785758972,0.6202254295349121,0.2716534435749054,0.023310702294111252,0.09284096956253052,0.5893867611885071,0.22627565264701843,-0.6751864552497864,0.7634127736091614,0.6345440149307251,0.25162288546562195,-0.005405603442341089,0.14602130651474,0.6061291694641113,0.22876182198524475,-0.6557921767234802,0.7618585824966431,0.640144944190979,0.24939683079719543,-0.027390681207180023,0.14711056649684906,0.6033061742782593,0.23702773451805115,-0.5970839262008667,0.6380681395530701,0.634702205657959,0.25525736808776855,0.0008143868180923164,0.13203467428684235,0.48634424805641174,0.6194650530815125,-0.20302559435367584,0.999901533126831,0.49378344416618347,0.6179869174957275,0.2027266025543213,0.9999077320098877,0.3461942970752716,0.7520941495895386,-0.12089760601520538,0.180572509765625,0.3926415741443634,0.7414242029190063,0.3572191596031189,0.01876480132341385,0.36808791756629944,0.902715802192688,-0.04959900677204132,0.28544577956199646,0.4355252981185913,0.8596330881118774,0.4387550950050354,0.03841523453593254,0.4074224531650543,0.918507993221283,-0.0479862242937088,0.3964528441429138,0.4638536870479584,0.8777582049369812,0.44380974769592285,0.11604492366313934,0.3005531132221222,0.9498040080070496,-0.1623409241437912,0.3676654100418091,0.36844751238822937,0.909186601638794,0.3616318106651306,0.08108362555503845,0
0.6085711717605591,0.372359961271286,-0.029416542500257492,0.9971469640731812,0.6243162155151367,0.36184605956077576,-0.08415333926677704,0.9973708391189575,0.6296219229698181,0.3622339963912964,-0.08458203822374344,0.9969063997268677,0.6344855427742004,0.36262351274490356,-0.08448050171136856,0.9978097677230835,0.6233512163162231,0.36134037375450134,-0.020777320489287376,0.997837483882904,0.6275710463523865,0.36148902773857117,-0.021655071526765823,0.9978369474411011,0.6315653324127197,0.36157718300819397,-0.022009899839758873,0.9988340139389038,0.6656705737113953,0.369103342294693,-0.21889889240264893,0.9981407523155212,0.6601587533950806,0.3685407340526581,0.07182501256465912,0.9978609681129456,0.6189945340156555,0.3854537904262543,-0.060699015855789185,0.9916692972183228,0.6173352003097534,0.38622426986694336,0.016669826582074165,0.9925441145896912,0.6741628050804138,0.41793081164360046,-0.3616531789302826,0.9994179606437683,0.6665444374084473,0.42304322123527527,0.25748223066329956,0.9982027411460876,0.5502603650093079,0.33836084604263306,-0.5507434010505676,0.7746142148971558,0.5890495777130127,0.34764090180397034,0.24115429818630219,0.020144393667578697,0.5885465741157532,0.2512029707431793,-0.5183703303337097,0.7103524208068848,0.6162480711936951,0.27182283997535706,0.019415389746427536,0.08611549437046051,0.5972638130187988,0.2273414134979248,-0.5779101848602295,0.7503265738487244,0.6298300623893738,0.25125840306282043,-0.009912990033626556,0.13568352162837982,0.6159346699714661,0.2305690050125122,-0.5590780377388,0.748439371585846,0.6388551592826843,0.24937975406646729,-0.034473951905965805,0.13663151860237122,0.6149579882621765,0.2393195778131485,-0.5104048252105713,0.6237800121307373,0.6344745755195618,0.25539278984069824,-0.0038186132442206144,0.12327859550714493,0.5174462795257568,0.6167428493499756,-0.19590523838996887,0.9999055862426758,0.5024402737617493,0.6072685122489929,0.1955622434616089,0.9999112486839294,0.3443528115749359,0.7181260585784912,-0.20904435217380524,0.19426675140857697,0.3672106862068176,0.6817687153816223,0.31487396359443665,0.020872054621577263,0.3730626106262207,0.8858356475830078,-0.13773691654205322,0.3075770437717438,0.4310897886753082,0.8114462494850159,0.3594278395175934,0.040220413357019424,0.4108879566192627,0.9000335335731506,-0.13391417264938354,0.4123725891113281,0.4602798521518707,0.8350072503089905,0.3605104386806488,0.11608056724071503,0.33558520674705505,0.9487043619155884,-0.2374734878540039,0.38624098896980286,0.38381269574165344,0.9015548825263977,0.2724197804927826,0.08153840899467468,0
0.637647807598114,0.366351455450058,-0.027052320539951324,0.9966989755630493,0.6528565883636475,0.35723987221717834,-0.07733698934316635,0.9968149065971375,0.6576465964317322,0.35780149698257446,-0.07779517024755478,0.9963194131851196,0.6622422933578491,0.35843896865844727,-0.07772519439458847,0.9973598718643188,0.6508803367614746,0.35679134726524353,-0.013054360635578632,0.997316300868988,0.653892993927002,0.3570735454559326,-0.013858666643500328,0.9973512887954712,0.6566722989082336,0.35729700326919556,-0.014230596832931042,0.9985567927360535,0.696564793586731,0.3652837872505188,-0.19746357202529907,0.9976180195808411,0.685438871383667,0.3644498884677887,0.0939367488026619,0.9972124099731445,0.645535409450531,0.3804403245449066,-0.05660410225391388,0.9895542860031128,0.6422250866889954,0.38052886724472046,0.02215511165559292,0.9901643991470337,0.7053651213645935,0.4150864779949188,-0.3580142855644226,0.999265193939209,0.6740822792053223,0.4170435667037964,0.2804316282272339,0.9975261092185974,0.5675361752510071,0.34470823407173157,-0.5420135855674744,0.7710334062576294,0.5890554189682007,0.34895962476730347,0.2898251414299011,0.020847927778959274,0.5899300575256348,0.2612464129924774,-0.5125980377197266,0.6973577737808228,0.609011173248291,0.2748430669307709,0.07018354535102844,0.08184104412794113,0.5968701839447021,0.23692969977855682,-0.5727860927581787,0.7393235564231873,0.6221451759338379,0.25193166732788086,0.04456298425793648,0.12875796854496002,0.6151769161224365,0.2381667196750641,-0.5502085089683533,0.736929714679718,0.6325405836105347,0.2501640319824219,0.016564590856432915,0.12964946031570435,0.6146253943443298,0.24651803076267242,-0.5027229189872742,0.612783670425415,0.6306395530700684,0.25713321566581726,0.04462451860308647,0.11798073351383209,0.5416353940963745,0.6124948859214783,-0.1932070553302765,0.9998947978019714,0.509779155254364,0.5964120626449585,0.19286343455314636,0.9998985528945923,0.3294670581817627,0.6877740025520325,-0.23319894075393677,0.20493704080581665,0.3389314115047455,0.6227574944496155,0.32997098565101624,0.020526956766843796,0.38567444682121277,0.8429431915283203,-0.10626711696386337,0.3079685866832733,0.4276869297027588,0.7493372559547424,0.4760590195655823,0.03765386715531349,0.42238089442253113,0.8349370360374451,-0.10014385730028152,0.4146747291088104,0.4570895731449127,0.7590331435203552,0.49080517888069153,0.10901389271020889,0.32796022295951843,0.9001669883728027,-0.1333094835281372,0.3839057683944702,0.3975555896759033,0.8206709623336792,0.4773174524307251,0.07569888979196548,0
0.6582270860671997,0.36004501581192017,-0.008086302317678928,0.99680095911026,0.6737045645713806,0.3515395522117615,-0.05029723048210144,0.9968519806861877,0.6780479550361633,0.35217320919036865,-0.05074651539325714,0.9963527321815491,0.6821160316467285,0.3529343008995056,-0.0506889633834362,0.9973782896995544,0.6710689663887024,0.3511931002140045,0.011779877357184887,0.9973673820495605,0.6732169985771179,0.3516128957271576,0.011026601307094097,0.9974073767662048,0.6748835444450378,0.35194724798202515,0.010710491798818111,0.9985936284065247,0.7177028656005859,0.3599151074886322,-0.15009458363056183,0.9975498914718628,0.7037707567214966,0.3588375151157379,0.1285891979932785,0.9972461462020874,0.6647553443908691,0.3740554451942444,-0.031561508774757385,0.9893884062767029,0.661099910736084,0.3738683760166168,0.04464966058731079,0.9899951815605164,0.725420355796814,0.41096726059913635,-0.30951157212257385,0.9991858005523682,0.6863353252410889,0.41230666637420654,0.31314921379089355,0.9974167346954346,0.5873268246650696,0.34695664048194885,-0.46573522686958313,0.762371301651001,0.595629870891571,0.3500303626060486,0.34270232915878296,0.021726280450820923,0.5964210033416748,0.260147362947464,-0.41928166151046753,0.6801369190216064,0.6100357174873352,0.2759884297847748,0.1483832448720932,0.07945128530263901,0.5979371070861816,0.236764594912529,-0.47486254572868347,0.7241606712341309,0.6221907734870911,0.2540554702281952,0.12535762786865234,0.1243908703327179,0.6158525943756104,0.23781037330627441,-0.4519311487674713,0.7214433550834656,0.6326894760131836,0.25202348828315735,0.09807632118463516,0.1253448873758316,0.6167092323303223,0.24604207277297974,-0.40837010741233826,0.5973676443099976,0.6313887238502502,0.2591492831707001,0.12408319115638733,0.11464386433362961,0.5612702965736389,0.604764461517334,-0.19044320285320282,0.9998774528503418,0.533469021320343,0.5880544185638428,0.19007915258407593,0.9998867511749268,0.323175311088562,0.6456252336502075,-0.21426604688167572,0.19550415873527527,0.3268536329269409,0.6098530292510986,0.3152642548084259,0.019274607300758362,0.3974578380584717,0.7541148066520691,-0.010370359756052494,0.2848234474658966,0.4219100773334503,0.735068678855896,0.439678430557251,0.03455709293484688,0.4367562234401703,0.7636992335319519,0.01533590629696846,0.3972790837287903,0.4563739597797394,0.7494997978210449,0.4494500458240509,0.10080507397651672,0.35537371039390564,0.8038846850395203,0.03720611706376076,0.3591701090335846,0.3933543860912323,0.7895269393920898,0.4245140552520752,0.0693240687251091,0
0.6795682907104492,0.35531890392303467,-0.0008712139097042382,0.996565580368042,0.6959726810455322,0.3471122980117798,-0.039266519248485565,0.9964200854301453,0.7004139423370361,0.3475726544857025,-0.03973092511296272,0.9959244132041931,0.7048846483230591,0.3481541872024536,-0.03968825563788414,0.9970223903656006,0.6932169198989868,0.3471683859825134,0.018665917217731476,0.9970552921295166,0.6951375603675842,0.3476010859012604,0.01791403815150261,0.9971652030944824,0.6966188549995422,0.347941517829895,0.017588049173355103,0.9984647035598755,0.7378152012825012,0.3544745445251465,-0.13371728360652924,0.9972096085548401,0.7228925824165344,0.35401350259780884,0.1268945336341858,0.9969803094863892,0.6862279176712036,0.36865440011024475,-0.022697295993566513,0.9884101152420044,0.6823915839195251,0.3685687780380249,0.048793770372867584,0.9891533255577087,0.7453668713569641,0.39959031343460083,-0.2968972325325012,0.9991826415061951,0.7149674892425537,0.40526342391967773,0.3077737092971802,0.9975070357322693,0.591779887676239,0.34607967734336853,-0.4153548777103424,0.7492533326148987,0.6072230935096741,0.34717005491256714,0.32432088255882263,0.022272668778896332,0.5967521071434021,0.2599088251590729,-0.3222818076610565,0.6541050672531128,0.6152185797691345,0.27701935172080994,0.11760928481817245,0.0807485431432724,0.5973369479179382,0.23916175961494446,-0.3704124093055725,0.7015753388404846,0.6230421662330627,0.25647562742233276,0.090730682015419,0.12634295225143433,0.6147103309631348,0.23920071125030518,-0.35248079895973206,0.6993524432182312,0.6338416934013367,0.2538755238056183,0.06391090154647827,0.12766364216804504,0.6161462664604187,0.24649584293365479,-0.3119543492794037,0.577172577381134,0.6334669589996338,0.26059505343437195,0.09353096783161163,0.11701859533786774,0.5672959685325623,0.5902101397514343,-0.1901189237833023,0.9998624324798584,0.5575881004333496,0.5780722498893738,0.18970786035060883,0.9998774528503418,0.3243895173072815,0.6135215759277344,-0.17910327017307281,0.18763521313667297,0.3513508141040802,0.6189517378807068,0.38274961709976196,0.018156711012125015,0.4088374972343445,0.7165627479553223,0.12266318500041962,0.26300540566444397,0.42224907875061035,0.714146614074707,0.5441086292266846,0.032108113169670105,0.447129487991333,0.7314989566802979,0.15535490214824677,0.3784683048725128,0.4548685550689697,0.7297523617744446,0.5598709583282471,0.09435529261827469,0.3453887104988098,0.7624160051345825,0.19932380318641663,0.33568108081817627,0.3595917224884033,0.7688414454460144,0.565938413143158,0.06429285556077957,0
0.6959028840065002,0.3500830829143524,-0.0027179301250725985,0.9963324666023254,0.7112866044044495,0.3410966098308563,-0.044781871140003204,0.9960252642631531,0.7158648371696472,0.3411344885826111,-0.045239705592393875,0.9955224394798279,0.7203711867332458,0.34121716022491455,-0.045198529958724976,0.996709406375885,0.7085633277893066,0.34126928448677063,0.014413826167583466,0.9967065453529358,0.7106589078903198,0.3413393199443817,0.013632410205900669,0.996860682964325,0.712239682674408,0.34121620655059814,0.013315453194081783,0.9983085989952087,0.7540422081947327,0.3452962040901184,-0.1403653770685196,0.9968810081481934,0.7406331896781921,0.34504595398902893,0.117451012134552,0.9966300129890442,0.7045193314552307,0.36182862520217896,-0.02728700265288353,0.9869780540466309,0.7006767392158508,0.3614394962787628,0.04665104299783707,0.9875050783157349,0.7607871890068054,0.3881809711456299,-0.30204474925994873,0.9991716742515564,0.7460169792175293,0.3919689655303955,0.3019966185092926,0.9974857568740845,0.599386990070343,0.34587034583091736,-0.447178453207016,0.7398319244384766,0.6259681582450867,0.34528112411499023,0.3243282437324524,0.022186249494552612,0.5936359167098999,0.2596438229084015,-0.3914082646369934,0.6315953135490417,0.6170970797538757,0.27667635679244995,0.1535796821117401,0.07791337370872498,0.5907241702079773,0.24219295382499695,-0.44467875361442566,0.6822489500045776,0.6239306926727295,0.25869661569595337,0.13466225564479828,0.12210814654827118,0.6083035469055176,0.23998913168907166,-0.4216281473636627,0.6804061532020569,0.6338177919387817,0.254239559173584,0.1049686074256897,0.12350891530513763,0.6108323335647583,0.2468232959508896,-0.3802815079689026,0.5592973232269287,0.6355209946632385,0.2646999955177307,0.1300826072692871,0.11371180415153503,0.5720106363296509,0.5733324885368347,-0.18772940337657928,0.9998631477355957,0.5803787112236023,0.5667267441749573,0.18726618587970734,0.9998777508735657,0.328255832195282,0.596282422542572,-0.18290796875953674,0.18844658136367798,0.3612172603607178,0.5944844484329224,0.39524704217910767,0.01718863844871521,0.43445879220962524,0.693999171257019,0.08520326763391495,0.24966788291931152,0.43317362666130066,0.6819259524345398,0.5985588431358337,0.029830651357769966,0.4776014983654022,0.7010623216629028,0.11673492193222046,0.3752462863922119,0.47451820969581604,0.6932249069213867,0.6207793951034546,0.08865552395582199,0.3782576620578766,0.751492440700531,0.17033268511295319,0.32516390085220337,0.39752817153930664,0.7317444682121277,0.6579583287239075,0.05968403071165085,0
0.7092841863632202,0.33974689245224,-0.0009432768565602601,0.9961594939231873,0.723602294921875,0.33040547370910645,-0.042056962847709656,0.9956853985786438,0.7287418842315674,0.3304060697555542,-0.04250608757138252,0.9951639771461487,0.7338457107543945,0.3302951455116272,-0.04245395585894585,0.9964069724082947,0.7206383943557739,0.3306913673877716,0.016644243150949478,0.9964756369590759,0.7231054902076721,0.3308868706226349,0.01588543690741062,0.996675968170166,0.7251268029212952,0.3308080732822418,0.015548409894108772,0.9982330203056335,0.7710021734237671,0.33483782410621643,-0.13852015137672424,0.9965370297431946,0.7578539848327637,0.33486324548721313,0.12333191186189651,0.9964939951896667,0.7194898724555969,0.35194894671440125,-0.024347517639398575,0.9861308932304382,0.7156786918640137,0.35145318508148193,0.04844994470477104,0.9868107438087463,0.7757540345191956,0.37687426805496216,-0.293408066034317,0.9991541504859924,0.7616665959358215,0.3818885385990143,0.3013358414173126,0.9975886940956116,0.6114944815635681,0.34501251578330994,-0.42175841331481934,0.7208957672119141,0.6293985843658447,0.34422460198402405,0.33203092217445374,0.0223085954785347,0.5980753898620605,0.25969043374061584,-0.33659273386001587,0.5975006222724915,0.6166498064994812,0.2764446437358856,0.1490965038537979,0.07739845663309097,0.5908696055412292,0.2426215261220932,-0.3808521628379822,0.6525492668151855,0.6238293647766113,0.2595636248588562,0.1277664601802826,0.12197671830654144,0.6088411211967468,0.23993335664272308,-0.35918596386909485,0.6507230997085571,0.6338376402854919,0.2560257315635681,0.10012895613908768,0.12365555763244629,0.6117156744003296,0.24670955538749695,-0.32421526312828064,0.5320393443107605,0.6353247761726379,0.26443853974342346,0.12619781494140625,0.11423895508050919,0.5715404748916626,0.554236114025116,-0.1865530014038086,0.9998655915260315,0.5859048962593079,0.5608894228935242,0.18606849014759064,0.9998822808265686,0.33528241515159607,0.5740334391593933,-0.15754370391368866,0.18457487225532532,0.3746741712093353,0.5799305438995361,0.37644246220588684,0.016714129596948624,0.46565893292427063,0.6686602830886841,0.1379581093788147,0.2366272360086441,0.4561256468296051,0.6766623854637146,0.5672376751899719,0.028376657515764236,0.5057591199874878,0.6744803190231323,0.17244578897953033,0.3694581389427185,0.4919412434101105,0.6841158866882324,0.5884695649147034,0.08523587882518768,0.41473740339279175,0.7292107343673706,0.24017179012298584,0.3156713843345642,0.41518551111221313,0.7272493243217468,0.6202964186668396,0.05671728402376175,0
0.7213972806930542,0.3357979357242584,-0.014024771749973297,0.9947912693023682,0.734379768371582,0.3255089223384857,-0.05492817237973213,0.9936229586601257,0.7396928668022156,0.3249552845954895,-0.05538344383239746,0.9928565621376038,0.7450467944145203,0.32442420721054077,-0.05536272004246712,0.9947413206100464,0.7315304279327393,0.3258012533187866,0.0006267932476475835,0.9947171807289124,0.7344492673873901,0.32541802525520325,-5.8208701375406235e-05,0.9950146675109863,0.737122654914856,0.3248933255672455,-0.0003826777683570981,0.9974066615104675,0.7782379388809204,0.32619693875312805,-0.1389302760362625,0.9946464896202087,0.7691316604614258,0.32627442479133606,0.101573646068573,0.9946305155754089,0.7348999381065369,0.34544119238853455,-0.034626588225364685,0.980857253074646,0.7315926551818848,0.345724880695343,0.034009307622909546,0.9815133213996887,0.7750551104545593,0.3639588952064514,-0.3012758195400238,0.9991059303283691,0.7796832919120789,0.3721277117729187,0.29361802339553833,0.9975677132606506,0.6142864227294922,0.3381028175354004,-0.44180774688720703,0.6992959976196289,0.6385880708694458,0.3438667953014374,0.3365743160247803,0.02135581709444523,0.5975268483161926,0.25891944766044617,-0.3683253824710846,0.5706383585929871,0.6158992648124695,0.2795373499393463,0.17397040128707886,0.07363220304250717,0.5839329361915588,0.2439294010400772,-0.4171067178249359,0.6273732781410217,0.6228795051574707,0.27019575238227844,0.16090786457061768,0.11673476547002792,0.5980340242385864,0.23963230848312378,-0.39205822348594666,0.62559574842453,0.6316113471984863,0.2677217125892639,0.12337251752614975,0.11846615374088287,0.6051657199859619,0.24540673196315765,-0.3552881181240082,0.507591187953949,0.6334684491157532,0.27273669838905334,0.14863748848438263,0.10965067148208618,0.5783016085624695,0.5423014163970947,-0.18641698360443115,0.999862551689148,0.5908160209655762,0.5435219407081604,0.18593323230743408,0.9998820424079895,0.36550071835517883,0.5588859915733337,-0.12250757217407227,0.1707201600074768,0.3814730644226074,0.5654149055480957,0.3987772464752197,0.01551105547696352,0.48781952261924744,0.6512487530708313,0.1546204537153244,0.21736732125282288,0.47916436195373535,0.6607587337493896,0.5541104674339294,0.026297464966773987,0.522007405757904,0.6567329168319702,0.18693579733371735,0.34920036792755127,0.5090870261192322,0.6682844161987305,0.5707772970199585,0.07954254001379013,0.4448343515396118,0.7115724086761475,0.25457996129989624,0.2926456332206726,0.44705823063850403,0.7133244276046753,0.5915066599845886,0.05232633650302887,0
0.7412841320037842,0.3253381550312042,-0.09387848526239395,0.9946742057800293,0.7545003294944763,0.3139665126800537,-0.13237224519252777,0.9934121370315552,0.7615661025047302,0.31319138407707214,-0.13290554285049438,0.9927455186843872,0.7689394950866699,0.31252431869506836,-0.13290557265281677,0.9946466684341431,0.74675053358078,0.314380019903183,-0.07483707368373871,0.9944324493408203,0.7474075555801392,0.3138958513736725,-0.07547220587730408,0.9947680830955505,0.7475568056106567,0.3133406341075897,-0.07582992315292358,0.9972177147865295,0.799878716468811,0.31422924995422363,-0.19696597754955292,0.994594395160675,0.77547287940979,0.3135561943054199,0.05918733775615692,0.9940588474273682,0.7585223913192749,0.3353406488895416,-0.1044548973441124,0.9806674122810364,0.7480494976043701,0.3350255489349365,-0.03356301784515381,0.9807599782943726,0.8102007508277893,0.358523964881897,-0.35119950771331787,0.9991401433944702,0.7686147689819336,0.35339024662971497,0.27865591645240784,0.997593343257904,0.6286535859107971,0.336014062166214,-0.5097610354423523,0.7071046233177185,0.6333890557289124,0.34004250168800354,0.23281995952129364,0.021088026463985443,0.5970392227172852,0.26031967997550964,-0.4668749272823334,0.5783491730690002,0.6135875582695007,0.27900707721710205,-0.08847695589065552,0.07343249768018723,0.5820918083190918,0.24580049514770508,-0.5212352275848389,0.6335465312004089,0.6063719987869263,0.2659823000431061,-0.1254340261220932,0.11845599859952927,0.5944263339042664,0.2406744509935379,-0.4948112964630127,0.6321480870246887,0.6214224100112915,0.2589530348777771,-0.1594250351190567,0.12111993134021759,0.6019253730773926,0.24571767449378967,-0.45213714241981506,0.5109531879425049,0.6322173476219177,0.27112555503845215,-0.11682500690221786,0.1114858016371727,0.6025015115737915,0.5233818888664246,-0.1873643845319748,0.9998599886894226,0.5911549925804138,0.5094130635261536,0.18691225349903107,0.9998788833618164,0.3681839406490326,0.5539457201957703,-0.19331426918506622,0.1722213625907898,0.3816748559474945,0.5433387160301208,0.3958643078804016,0.015106373466551304,0.5055596232414246,0.6407586336135864,0.10574988275766373,0.20757873356342316,0.49167177081108093,0.6382362246513367,0.5534505844116211,0.025175318121910095,0.5397222638130188,0.6431511640548706,0.13422547280788422,0.34358617663383484,0.527010977268219,0.6474316716194153,0.5730316042900085,0.07682181149721146,0.4624238908290863,0.6971721053123474,0.17729763686656952,0.2861410677433014,0.45616796612739563,0.6892371773719788,0.5905390381813049,0.050013020634651184,0
0.7369861602783203,0.30963656306266785,-0.07048778235912323,0.9947974681854248,0.7476651668548584,0.29854780435562134,-0.11392620950937271,0.9935369491577148,0.7532299757003784,0.2981669306755066,-0.11441999673843384,0.9929240942001343,0.7586440443992615,0.2977488040924072,-0.1143866702914238,0.9947789311408997,0.7443669438362122,0.29866331815719604,-0.054626721888780594,0.994490385055542,0.7470158338546753,0.29830434918403625,-0.055300306528806686,0.9948248267173767,0.7493087649345398,0.29782354831695557,-0.05565029755234718,0.9972485303878784,0.7900770306587219,0.2984010875225067,-0.21691249310970306,0.9947635531425476,0.7814186215400696,0.2985178232192993,0.05299151688814163,0.994166374206543,0.7525039911270142,0.3205820918083191,-0.09341202676296234,0.9812675714492798,0.7475660443305969,0.32030826807022095,-0.019551033154129982,0.9811432957649231,0.7994692325592041,0.34619948267936707,-0.3577479422092438,0.9991808533668518,0.7807108163833618,0.34829625487327576,0.23916611075401306,0.9977108836174011,0.623274564743042,0.3275435268878937,-0.43919792771339417,0.6999141573905945,0.6335771679878235,0.33306974172592163,0.2548699676990509,0.01994495652616024,0.5963071584701538,0.2683534026145935,-0.27337023615837097,0.5507989525794983,0.6102258563041687,0.2790374159812927,0.05071599408984184,0.06743917614221573,0.5822982788085938,0.24785356223583221,-0.30269816517829895,0.6073637008666992,0.6081593036651611,0.2698501944541931,0.045839399099349976,0.10915706306695938,0.5954028964042664,0.2433777153491974,-0.2851833403110504,0.6056048274040222,0.619283139705658,0.26653140783309937,0.010081234388053417,0.11171861737966537,0.6020929217338562,0.2498900592327118,-0.25966212153434753,0.48588961362838745,0.6265762448310852,0.27296552062034607,0.027470983564853668,0.10319126397371292,0.6072259545326233,0.5087296366691589,-0.18197095394134521,0.9998657703399658,0.5935754776000977,0.49207034707069397,0.18156127631664276,0.9998838305473328,0.37668463587760925,0.5397589206695557,-0.1569208800792694,0.1917487382888794,0.3956935405731201,0.511366069316864,0.3755328357219696,0.015359465032815933,0.5080391764640808,0.6336972117424011,0.10513617843389511,0.2200043648481369,0.48348763585090637,0.5836066007614136,0.5574811100959778,0.025351982563734055,0.5389409065246582,0.6343976855278015,0.13356053829193115,0.3601796329021454,0.5154412984848022,0.6082509160041809,0.5800595283508301,0.0770571231842041,0.4608582556247711,0.6864166259765625,0.1699989140033722,0.3040010631084442,0.43976232409477234,0.6264367699623108,0.6039726734161377,0.050227090716362,0
0.7442546486854553,0.2935948669910431,-0.030496634542942047,0.9947758316993713,0.7529163360595703,0.28340664505958557,-0.08125004917383194,0.9933510422706604,0.7572023868560791,0.2829529047012329,-0.08168604224920273,0.9926676154136658,0.7612589001655579,0.28240829706192017,-0.08161912858486176,0.9946050643920898,0.7512733340263367,0.2833244502544403,-0.019672200083732605,0.9943553805351257,0.7540395259857178,0.28283560276031494,-0.020264187827706337,0.9946908354759216,0.7564987540245056,0.28215929865837097,-0.02057688869535923,0.9971996545791626,0.789698600769043,0.2838868200778961,-0.20762456953525543,0.9946631193161011,0.7858002185821533,0.283903568983078,0.05900905653834343,0.9941155314445496,0.7575640678405762,0.3046935200691223,-0.0711272656917572,0.9813444018363953,0.7549452781677246,0.30434420704841614,0.007135162129998207,0.9810639023780823,0.7933294177055359,0.3332166373729706,-0.35409459471702576,0.9992117881774902,0.8043031692504883,0.33973437547683716,0.24423514306545258,0.9978287816047668,0.6330499649047852,0.3280555009841919,-0.4046582281589508,0.6844152212142944,0.6451833844184875,0.33327051997184753,0.29301607608795166,0.018567776307463646,0.5959987640380859,0.26935216784477234,-0.2159726768732071,0.5142597556114197,0.6101218461990356,0.28126639127731323,0.15972228348255157,0.06246262416243553,0.5793378353118896,0.2511194050312042,-0.23685209453105927,0.5695136189460754,0.6029305458068848,0.2726258337497711,0.15846724808216095,0.10144275426864624,0.5946673154830933,0.24666135013103485,-0.2145206779241562,0.566814124584198,0.6066697835922241,0.27005240321159363,0.12156070023775101,0.10383734852075577,0.6021256446838379,0.25261276960372925,-0.19943177700042725,0.451975017786026,0.6127885580062866,0.2753967046737671,0.13600210845470428,0.09635942429304123,0.616062343120575,0.4936768114566803,-0.18090371787548065,0.9998732805252075,0.613591730594635,0.48101723194122314,0.18050377070903778,0.999890923500061,0.393591046333313,0.5339102149009705,-0.1122271791100502,0.202596515417099,0.41704171895980835,0.4951753318309784,0.37101349234580994,0.015097074210643768,0.5141143798828125,0.6257745027542114,0.09839382767677307,0.23159819841384888,0.4477553069591522,0.5719980597496033,0.5528886914253235,0.02560264803469181,0.5496182441711426,0.6298432946205139,0.12560486793518066,0.3709941804409027,0.4620126485824585,0.5864869952201843,0.573523998260498,0.07783350348472595,0.4616703689098358,0.681282639503479,0.16007518768310547,0.3150116205215454,0.3905617296695709,0.5941767692565918,0.5721672177314758,0.05010700970888138,0
0.7426526546478271,0.27953487634658813,-0.025055361911654472,0.9949231743812561,0.7508257031440735,0.26953673362731934,-0.07974070310592651,0.9934890866279602,0.7542724609375,0.269070029258728,-0.08017358928918839,0.9928638339042664,0.7575342059135437,0.2685137689113617,-0.08010303974151611,0.9947319030761719,0.7504074573516846,0.2693551480770111,-0.01771552674472332,0.9944390654563904,0.7532917857170105,0.2688341438770294,-0.01830042153596878,0.9947839379310608,0.7560017704963684,0.2681523859500885,-0.018605198711156845,0.9972299933433533,0.7851191759109497,0.2692233920097351,-0.2226141095161438,0.9949336647987366,0.7850054502487183,0.269506573677063,0.05357754975557327,0.9943407773971558,0.7538086771965027,0.2892797291278839,-0.06953460723161697,0.9823538661003113,0.7534055709838867,0.28918376564979553,0.0077508059330284595,0.9818654656410217,0.7883816361427307,0.31399601697921753,-0.3626057505607605,0.9992750287055969,0.8156270980834961,0.3283458650112152,0.22038836777210236,0.99798983335495,0.6316453814506531,0.3271062970161438,-0.39576441049575806,0.6941559314727783,0.6639304161071777,0.33635950088500977,0.30110183358192444,0.017216354608535767,0.6006430387496948,0.27688682079315186,-0.16361339390277863,0.49217379093170166,0.6247274875640869,0.3215670585632324,0.22654207050800323,0.057269539684057236,0.5905580520629883,0.2549422085285187,-0.17311306297779083,0.5458680391311646,0.6078771948814392,0.3136375844478607,0.23372840881347656,0.09334570914506912,0.6059474349021912,0.25302770733833313,-0.1514652818441391,0.5415549278259277,0.6095001697540283,0.3107304871082306,0.199637770652771,0.09555425494909286,0.6134806871414185,0.2654819190502167,-0.145354226231575,0.42905211448669434,0.6136291027069092,0.3134019076824188,0.20572057366371155,0.0890883356332779,0.6252668499946594,0.47737908363342285,-0.18055276572704315,0.9998826384544373,0.6126402020454407,0.4598696529865265,0.18016767501831055,0.9998988509178162,0.39506351947784424,0.5303098559379578,-0.1250208467245102,0.26057082414627075,0.43004462122917175,0.4688177704811096,0.3561444580554962,0.018602890893816948,0.5183115601539612,0.6206892132759094,0.08581510186195374,0.2810046374797821,0.43003442883491516,0.5589123368263245,0.5388062000274658,0.034677039831876755,0.5608236193656921,0.6238602995872498,0.11035291850566864,0.4064157009124756,0.44464176893234253,0.5765735507011414,0.5614290237426758,0.09247545897960663,0.4643532633781433,0.677666962146759,0.14168210327625275,0.35912612080574036,0.36011844873428345,0.5797799229621887,0.565131664276123,0.06279074400663376,0
